2.5136915664,0.76236549383
1.74783771253,1.98267303249
2.13787547145,1.08401735801
1.14112994345,1.09343412147
1.13445858533,1.50885447185
1.1842238111,1.27666200147
1.45570877565,2.33954358705
1.01995516671,1.09074156932
1.56494520912,0.595672281657
1.64898455955,2.30363995695
1.8559252895,1.28083226503
1.84133904393,1.0521135559
0.778131101083,1.46290437862
1.44492277096,2.09755961441
2.29062331793,0.780892871333
1.02931749031,1.17488610393
1.18756943531,0.519382703318
1.29269405605,1.33834839349
1.5733831084,1.76602302532
2.09915982297,0.956417662839
1.18357815782,0.597550982325
0.890591936682,1.04701115658
0.969034344462,1.12317955058
0.290747854858,1.00610025451
1.0826802022,1.43051481604
1.44346527536,1.64724950362
0.469438464797,1.10664453782
1.83105113002,1.82742320156
1.39702948366,2.02123222277
1.22000512793,1.98965748617
1.32055281979,0.863984258845
1.48662018218,2.07803987148
1.10384239595,2.1497252827
2.01167261176,1.18796927522
1.65619987205,1.0141198284
1.0106341477,1.90955830554
1.13230987218,1.05363785972
2.06820378504,1.48427486418
1.22381208809,2.27658044127
1.08528390124,1.5228006342
1.93791658683,0.796571361764
1.17696394622,0.890842357009
0.802622172239,1.29066479157
1.91695310157,1.33717159168
2.23125108812,1.07295046462
1.66491513388,0.989410978119
0.733664275711,0.405761059533
1.36562554848,1.9403854815
2.06448967719,1.0291657696
0.969490817634,1.00578381535
0.792385045665,1.46091311627
1.39750421587,1.06159976913
1.22776020557,1.94227873766
1.40017237063,1.93879763826
2.00992692534,0.743751621756
1.99144133905,0.902580920475
2.06841599754,1.06044398401
1.3035527299,0.802614686572
1.57568123418,2.68568035446
0.865550391196,0.805198621681
1.62993561883,1.93694335586
1.54162357539,1.61770418968
1.64885382369,2.17308676802
1.15933916048,0.643472673525
1.39793849271,0.710618072738
1.61584991313,2.03026011898
1.50847291228,0.467083415096
0.793648716691,0.635776779072
1.34888716879,1.82389511345
1.07187482796,0.889059650109
1.37427540216,2.11913187093
1.11026346881,1.05709346728
1.8798953555,0.55830312146
2.10445077057,1.1989774269
2.24535854936,1.07146005761
1.9020317067,0.997537035319
1.56602663299,0.525194307459
1.21872716865,1.03869487323
1.76002591306,0.933977266054
2.0752994348,1.31642737755
1.84336606059,1.99436988334
1.69501259192,1.89074905733
1.35744746825,2.38188612468
2.24736716587,1.15935350996
1.82323130405,0.865460498139
1.10934437477,1.44139658684
1.15217168533,0.965131089884
2.29509085874,0.974315513731
1.40362231888,1.85343013377
1.89749657072,1.00728727424
2.28816716734,1.06775214358
1.56442834117,1.11466083634
1.80666310638,1.8747711631
1.74403567353,2.14198717847
2.01232466784,1.17803977588
1.15680579012,1.78412784322
0.888788799034,0.716315261333
0.708668628867,1.09444516135
2.26199355082,1.35992085292
0.519449185308,0.733845717446
1.12787761923,1.20307241051
1.03454436194,0.886255731136
1.9531928327,1.31472795638
1.00415890732,2.31977804562
1.44791752928,2.26947218672
1.73108908323,0.411180397258
1.20746162532,1.2084247431
1.98549661287,0.817569622914
2.04640065009,1.31247051665
0.959215089797,1.34106740878
1.23745357533,1.8219439048
0.820403818923,0.665230904212
1.73816410869,1.79023541627
2.49455120308,0.534995743193
1.73009713517,1.69219782451
1.08135105539,0.759550934382
1.51210341865,0.959553264672
1.55513499273,0.607176356101
1.98927717994,1.1008047228
1.54565309268,1.88776210392
0.890483435036,0.462601735588
0.690207069432,0.868975498763
2.13991387231,0.971682248077
0.934137691501,0.674789013798
1.11971390369,0.168222173072
1.05887947946,2.30312826594
2.27796749029,1.16742456419
1.2376012434,1.79467953316
1.95349180497,2.51194047418
1.23153716536,1.24705124619
1.03712356585,1.87947087736
2.13719289402,1.28870252344
0.879046915908,1.36673352111
2.19979014382,0.239633661375
2.0826999648,0.787484484299
1.34839778343,1.39451543949
2.33518503971,0.530828609548
1.70199158737,1.61262164495
2.31202587352,1.04939314286
1.65053992614,1.983170158
0.495634535352,0.733308592571
1.47904305052,2.07503417206
0.96685317848,0.501790056439
1.68275790566,0.833204490436
1.06248249342,1.29299171095
2.05781869895,1.20893160202
1.41552737076,1.82318398941
2.29003040335,1.15242037282
1.19342600267,1.65486866905
2.5057376908,0.50558613809
1.23479558108,2.37024321073
2.00567663116,0.975389754056
1.00310479437,1.2160101278
0.595622373211,0.771527983523
2.16278323505,1.21478166803
0.452723003219,1.09108117134
2.13823829831,0.879704152631
1.25704918357,0.80469232201
1.53260044154,0.84788956907
1.37704363847,1.86399877036
1.59057253098,0.993439027363
1.98646600889,1.02373651718
1.23340641507,1.95925704721
1.93495425761,1.73556588006
2.30257918606,1.15827921483
1.04012368397,1.48640895077
0.566517940278,0.636837101763
2.39454129972,0.902962758255
0.968696952552,0.703599417252
1.52525165661,1.67308056837
2.09222998447,2.14334256878
1.28820801954,1.39871885396
1.92595919166,1.71046801758
2.36641548784,0.942147451437
0.756056115387,0.4821152193
1.12070249235,0.794556972718
1.45983376431,1.44080763097
1.69555222768,0.819300443925
1.39725234292,1.70017099503
0.738760855245,0.826345100571
2.18244692828,1.33448869688
1.89293854159,1.16369719704
2.03017436262,1.16174838223
2.05796406597,1.38920262673
1.41356056418,2.21353558043
0.90673414849,1.02922004988
0.87260100927,0.751010620739
1.1587135715,1.12678858651
1.4680041979,1.85203568387
1.87475679503,0.670751003569
2.17907194437,0.703813991963
0.964550786461,0.795946538801
1.2829138262,0.178096849843
1.53469952221,1.83579332771
1.1389390988,1.08372872932
2.21972720293,0.887433279772
1.04321307135,1.43628205209
1.32441281034,0.810587203465
1.86686323412,1.37404699134
1.44647565814,1.56876675281
1.61277822773,1.72592164701
2.42659266779,1.13690900904
1.95102351535,0.974063415187
0.933256896927,0.742324027658
1.94953573317,1.11337303052
1.23197589322,0.644835807942
1.16679225637,1.34552019243
0.850590264792,1.57885961615
0.875914305772,0.775763556568
1.66843497287,1.62212114936
1.54598654074,2.20823861244
2.14809322626,1.14610459779
1.33911895677,2.36295116666
1.38196526364,2.00081526197
1.71139281622,2.04667722049
1.26591603948,2.43621072465
2.0171088827,2.21390486891
0.726153332367,1.33510488643
1.05500175978,1.50128290984
2.21123330664,0.551296145123
1.57386682838,1.7246047082
1.07044645778,1.63964602317
1.58587077431,0.8392256315
1.06821783254,0.694978405417
1.40917619493,2.29690383258
0.849154989807,1.72373610386
1.41630551841,2.15895013504
0.39873528535,1.11306295626
0.655716716547,0.892565777356
1.23077714891,2.40087052724
2.00655720747,1.01276172221
1.40935955443,0.793165244635
1.26473358524,2.21938808625
0.51094049591,1.13883467666
2.59002919158,0.941129810517
1.24527813819,2.48885001297
1.89868822427,2.06537101614
0.869453934484,1.55477911854
1.50523490767,1.41956862764
1.70148497161,1.70774976949
1.12630256014,1.64864289937
1.40069681898,2.13508664919
0.932722319725,0.909325080863
2.29559525268,1.2300759009
0.985825383135,2.12152408196
0.616093248039,0.824370638717
1.49444047966,1.04926832665
0.720177726762,0.621079495269
1.32099874334,2.17011746376
2.00305565561,1.6594889016
0.771365646423,0.733665959009
2.26381698257,1.19062735797
1.1219246481,0.942046989535
2.05785918667,0.652894815755
0.390794659666,1.61934785841
1.28417559033,0.953496972073
1.49822177825,2.40981802052
0.883938745945,0.84691217811
1.4608138812,2.42020671033
2.02625944128,1.2816240627
1.70086870215,2.30132575768
2.12422740614,0.847829661432
2.11672819066,1.35131231939
1.85126135164,1.36497331412
1.6167006422,1.89816370356
1.8877938063,2.45446468817
1.07930084013,1.90787945395
2.05969684832,1.59661957558
1.34251817313,2.08232509858
0.891520215766,1.31937554084
2.38884496026,1.18493779379
1.99526623486,0.852480967596
2.397307625,0.948339762191
1.21795302244,1.8810428783
2.12923134048,0.95503252248
1.87560059483,1.65659221063
2.12199712624,1.3605093567
1.68869987624,2.09421015309
1.34632054394,0.811104871918
1.57316152741,1.57669742663
2.08836809681,1.9783283724
2.05713068093,2.12440227998
0.650455047765,1.27024794609
1.58239416108,1.81891386919
2.41716019012,0.507595417353
1.70693138398,0.823126023236
2.01421544093,1.76961542248
2.25515920506,0.74826274282
0.416289075051,0.726164951759
2.18081229693,0.821605069084
1.70081774142,2.2215821087
2.48947922826,1.11332775092
1.42335161917,1.23574114805
1.85920677912,1.26270870363
1.33008530147,1.3894065917
1.36908720422,1.36071395464
1.03807362781,1.12059680903
1.30444305002,1.46757655544
0.646252620809,1.3904284215
1.73934123594,1.19691722526
0.658059263372,1.23548725637
1.71265787261,2.1268455724
2.28025392455,0.582548419179
1.3289040537,0.929735259597
1.35363387135,0.946022549256
1.71946547456,2.09589493494
1.36548319544,1.42160963162
1.87138938032,0.808647833058
1.51806809317,0.588083939187
0.69795047431,1.50447301488
1.89839534437,1.61042876321
2.12078765934,0.467233600011
1.46682284916,1.87027040643
2.30469958446,1.21031240235
1.00315000622,1.53576114817
0.724598569054,1.07574898812
2.06200715351,1.15931275209
2.01143821523,1.15381525704
1.74292221924,2.32397936514
1.96850608969,1.41022449474
1.75738474041,0.66876280426
0.991160619951,2.21905505934
1.19991492461,0.861784063783
1.18931828058,2.04250014946
0.887455865002,0.632141142465
1.64183689681,1.84187251693
1.59983946522,2.30412516425
2.00916397431,0.988934940746
1.53144834085,1.70202283477
1.62286553347,1.7601219501
0.51027300938,0.979859753616
1.74662290704,1.93603542894
0.979817317323,0.604481239107
1.32345919111,0.232244600097
1.15066546384,1.61644584784
1.69031600196,2.48878273099
1.7351233481,2.57040201555
1.27689834759,1.95229632453
1.49464482337,1.24196913037
1.63503730645,0.516736478965
1.95201806367,0.750412752035
1.35257943081,1.39556530543
1.16299356742,1.1317128873
0.715753421528,1.07333303679
1.65326244657,2.39424633014
0.960683796538,1.33992396387
0.820901909689,2.11250597595
1.12009719691,1.98155157071
1.04316957285,2.16708923617
2.24539328218,0.916325717469
2.4854162807,0.752677263602
1.14202264996,2.10507977587
0.846758458729,0.645810344763
1.65742957424,0.606708888868
1.19299433952,0.52881297741
1.57160447128,1.96513326814
1.53199568835,2.45570098398
1.44680678862,1.15639112448
1.98520277896,1.07171008037
1.15716730715,1.02652662611
1.85303608872,1.91222173785
0.762314001458,0.840518227597
1.52465793105,1.25333629198
1.36993370018,2.01139880404
2.02585305271,1.65726940397
1.45377828047,2.35808350422
2.06885466859,1.76006415848
0.983160093865,0.999584487179
1.89986271189,0.993961268837
2.06457214029,0.698090343496
0.313413987996,1.07544532451
2.12627548525,1.07398065588
1.31130578772,2.32102175362
1.44682601514,1.88613376381
0.942755018522,2.11477944102
1.16202317224,1.71385867392
1.5259357572,2.07431191354
0.755990722239,0.560072701659
1.81621227834,0.753151502712
1.14077169131,2.44591977604
2.07078545951,1.76730076762
1.51319865343,1.90476133485
0.328118782401,1.12044971653
0.983394235593,0.920818795422
1.08673615158,1.12386124613
1.32989787877,1.19657911922
2.44547767961,0.362832994586
1.20813194581,0.952127968556
0.763399223647,1.32839151241
1.18242843072,1.84729824842
1.67123655881,2.46283890149
2.08925430619,1.01320668285
1.04400766212,1.93504013845
2.14961808749,0.778620465928
0.781286602362,1.05896722022
1.37123721101,2.41256762613
1.29176073674,1.64016047416
1.89623831584,1.61239962469
2.40278660315,0.77801924411
1.24163533398,1.84712146012
1.74342786282,1.37716589525
1.49549847389,1.96597651081
0.919598988715,1.24073691874
1.82626389464,2.22179135994
0.843526096602,0.644594022877
1.20712870731,1.23900163251
1.64897078478,1.40095838483
2.5600049445,1.22724049902
1.13624527665,1.97582044515
1.43997361467,1.25576558184
0.534871196475,1.12519564631
1.87330555276,1.03141420883
2.02951337204,1.11442487626
2.07399468658,1.18239775282
1.10318006414,1.86551516025
1.10161614193,1.26428126832
2.22934923591,0.919488179437
2.02976145876,1.47288969179
1.49987480208,2.11224652579
0.934915129019,1.13361797527
2.33110818724,1.12015920538
2.54243954317,1.13099154239
1.08901995175,1.24899584772
0.624161391985,1.23324710675
1.77129153898,0.565917899573
1.8977123878,1.89740531669
0.572781727305,0.852004034991
1.27625764713,1.09561829588
1.59547607367,1.37949499896
2.23120191634,0.960868079865
1.26274982848,0.965467759454
0.889245448617,0.928186246727
2.00525468398,1.09708772938
1.19977185293,1.52126671657
0.74303520753,0.537523780098
1.48675808435,2.48553779727
1.58873372655,2.25277663894
2.10671105472,0.856814118879
1.06545994103,1.52816106424
1.97446531924,0.830709690009
1.27955451223,1.10198949514
0.599722458579,0.595984748261
1.66715673391,0.835744569796
1.86799919214,2.19990636268
2.08543717974,0.907186722135
1.10804354312,1.70798720973
1.45099143487,0.791249464195
1.58852273499,1.670369463
0.686423990156,1.3633435869
2.24979522184,1.09811986274
2.32949106222,0.958648246421
1.27912254883,0.947405079302
0.716666123225,0.876985092039
1.59420770755,2.11186280266
1.1494157214,0.992142328797
2.73536891572,0.936638204911
1.80442130845,2.43209109231
0.731360031642,1.11607074936
0.970464242672,0.800956514091
2.12116880625,1.58101373872
1.46290511223,2.15149099444
1.20953714473,1.00113126673
0.56494302252,2.19333561002
0.655759404277,0.868653986577
1.48497520756,1.74691531804
2.28083874449,1.20351402965
1.621294303,2.15130307255
2.28801432234,0.875050275269
1.53552370315,1.1595923917
1.30937086841,2.25584893048
2.13416362624,0.815163663003
0.769025177666,1.16177475739
1.82311124188,1.93255203162
1.1705131706,2.17178400591
1.70317377492,1.99042667731
1.5915962265,2.30724947983
2.16223207559,0.454576710885
1.43031179784,2.21867896022
2.01325097476,2.42432451282
0.776573553385,0.752068438402
1.0860713464,0.303821717263
1.2016884271,1.12223855087
0.744224245849,1.00688792668
1.39643590423,1.17691108167
2.02025505715,1.23328124137
1.27010172031,2.38445340211
1.43972774004,2.0367593953
2.20974084612,0.910372119829
0.805868066048,1.74722848949
1.50787398536,1.96569945204
1.20293821971,0.885397313327
1.92321269924,0.895586086107
0.977599606525,1.07761493207
1.5191688575,1.51780395223
1.70959507029,2.15648756817
1.34439639381,1.91498066766
1.20694544936,1.39055386887
1.81848005101,1.64453376663
0.799683914092,1.09808877862
1.08882842461,2.09316941313
2.49818226797,0.575018955272
1.90985636432,0.893491380683
1.27215135287,1.92477299697
1.6224223948,1.51099920469
0.960967913742,1.02818596882
1.16770592973,2.07049315787
1.28102273906,1.42369831181
2.29727275211,0.943987266457
1.93751446907,1.47231137124
2.00044130007,0.769988543639
1.69140721005,2.10200737948
0.754752070715,0.579595812088
1.86536989607,0.476743673034
1.44399272337,1.65690758125
0.960135826724,0.910662736179
1.56216521802,2.17507097807
1.36143185539,1.81205293306
1.33857821935,1.1488002839
0.646711311255,0.65794110972
2.13285383412,1.06551912194
2.10171777678,0.823110387415
2.36295503792,0.578168568583
0.919679938932,0.661596600559
1.13969873192,0.539126894117
2.30636742295,1.21260858193
0.799686183829,1.50457652202
2.23250697897,1.12985128645
0.704346778695,0.558449497761
1.30653717568,0.834237797975
1.43790765752,1.83100719222
1.69117500931,0.681995253184
0.493530991669,0.966260205232
0.907265666568,0.929960001537
1.37585880329,1.67092250848
1.50494744609,1.63346709959
1.52862356275,2.70122289844
1.33376062587,2.44984744704
0.632369344351,1.25330889292
1.76326934592,1.00037453674
1.2314217846,1.30883164863
1.4231301906,2.25729857304
2.09582955,0.958666235714
1.65992215231,1.29902789285
1.72282639526,1.42364550949
1.54775753,1.70357099361
1.52180336973,1.93824979243
1.94603474223,2.01283391597
2.78617215381,0.77575804658
0.809703371896,0.891177650204
1.11292765935,0.670179762825
0.488118942812,1.58523261857
2.01655140643,1.08969323684
2.10146764211,1.19553437851
1.67751809255,1.85713266911
0.903219160152,1.53783260844
2.11710948305,1.47655920733
0.917298839632,0.787081610246
2.03382138237,1.19718030709
2.03957352674,0.405830322679
1.26068917202,2.1408116676
2.26301803211,0.451926586509
1.06767449907,1.4167435947
1.92821102266,0.925961932663
2.01202143696,0.901673524811
1.67619705019,0.965732334565
0.878109060866,0.740786502669
1.55096338794,2.02724777811
1.58617719374,1.9991371692
0.987348564613,0.913933842283
1.03139569745,2.30183212013
1.3041715652,1.56231778082
1.76771147585,0.919183066465
1.60421804648,0.907970267192
0.994385368539,2.09090331514
1.71494343246,1.2833438461
1.60468479706,1.16230246599
1.85382599436,2.25099079615
0.745503843158,0.902299159354
0.836286407795,0.434624246506
1.78103856488,2.2310992638
1.89095428849,2.03856089506
0.684096190703,1.67101947587
2.07236118927,1.33833508904
2.2494053174,1.1463918048
1.28661427332,2.33838698748
1.57688260794,1.44415443743
1.72306605465,2.06310780999
1.43216325907,2.57774172124
2.34357865191,1.1039483326
0.995542688994,1.24642178111
1.38215381894,1.89911784227
1.7095753647,1.14312042771
1.14433453792,1.82780653421
0.808768892334,0.880818455701
0.447079134953,0.856607798788
1.99104316351,0.96454876469
0.742308283467,0.73031735306
1.32468741741,2.10967743807
1.36528885757,2.14729131655
1.85334885141,1.30844994349
0.890334673004,1.28142776227
1.09917302688,1.28477394207
1.23392870211,2.26349112732
1.82055486425,0.543988214442
0.784118683434,0.756102103434
0.775092896589,1.00984262428
1.27941128452,1.8098034022
1.2972324918,1.87603489149
1.26459377657,1.89932580693
1.48581668529,2.19924321481
1.86325239566,1.42784762561
2.18213350157,0.685548877952
1.97806410622,0.610786103213
1.64989408653,1.63439485101
1.51981635608,1.20535033206
1.96710301246,2.26520815923
1.30134256694,1.52671787944
1.33799077663,0.676020547491
1.04648422771,1.11344875588
0.89576480425,0.825619456942
1.98147700956,0.865949123901
1.78269429248,1.398462372
1.48902081213,1.97473301104
2.15069847202,0.741319900074
1.14051557028,1.52076369931
0.829206383959,1.08097130648
0.883801954778,0.909309174827
1.7596575572,2.38221336138
1.54171924509,1.74269893863
1.56026768813,1.27181339748
0.788341838546,1.58547649715
0.668684998171,1.01564952378
1.6809263872,0.56369029762
1.77773998874,0.817512654976
1.61135176579,1.70305323514
2.2032386508,1.01554611684
1.34625520915,1.05175132495
0.851169299805,0.977558505196
0.992973068494,1.32375841843
2.52218883377,0.911954483533
1.13315896982,1.10010229821
0.71184868551,0.762064791188
1.68706115059,0.742876543399
0.906407167625,0.747912881356
2.80417125223,0.939757445801
1.71020403273,2.2089951963
1.15868308552,1.07384433661
2.25773125784,0.757112027188
1.66861502074,0.990719122818
1.19803228056,1.35700758043
0.788589917243,1.28297821749
1.28482624208,1.02626537242
2.0452454619,0.923358764144
0.770289341657,1.16673608922
1.2587788034,0.203314272108
2.15385093728,0.902104461353
1.51419200513,0.846687860926
0.51020964213,0.529669682707
1.87904350795,1.28482165714
1.57172612411,1.81763376612
1.9493145082,2.16958016076
1.81249178279,0.882882191804
2.31350701265,1.17971185791
1.84321417508,1.31289327839
1.79647217212,1.84582911492
1.20981414508,0.681633313766
1.85592738748,0.843024716985
2.27516646263,0.982887139701
0.618854500454,1.29081901245
1.13083618631,1.84792801555
0.882283300555,0.08615708356
1.87953273665,0.859457186596
1.78073792421,0.507489031357
1.38222982261,1.6723346176
1.72007846047,2.60355927894
1.9009158547,1.96398766337
2.02960023614,1.05915431656
2.05743526161,1.26415335975
1.68574647648,1.43770595098
1.04917857174,1.02889640678
1.66933094273,0.992635172907
0.610393983351,1.3828226038
2.23318308913,0.912687561018
2.40441073413,1.2723096394
2.33519159466,0.844329938673
0.699935395783,0.536568670967
0.760173280137,1.07223625292
0.840189162406,1.32722492033
1.55292038363,1.44884189109
0.986211203195,2.18388571045
0.847104345475,0.868577709517
2.16097895617,1.12140863668
1.22831131754,1.03650250495
2.16678880391,1.2677421662
1.78978083554,2.42678142469
1.33759212347,2.02745658403
2.12535611097,0.987994382395
2.00563753753,0.821866765666
1.23180845113,0.501520512666
1.75126437424,2.58826424375
1.82825009743,1.67172771409
1.44366152341,2.14608119148
1.74268921309,1.04063639896
1.8597520479,0.741252010083
1.85976769711,0.741953984523
1.81884813416,0.655133781023
1.7231530055,0.564598450543
1.39961351821,1.73613287081
1.5257529316,1.85182198787
1.4099980023,2.26265274594
2.22619744009,1.31959464763
2.04819835695,0.714206514155
0.694587437414,0.976643573218
1.65200070781,1.81333235847
1.19314348776,1.65479239872
1.70864880055,1.42789505824
0.537760895667,1.01897859826
1.68782023097,0.905319062984
1.90821422747,0.86845766259
1.95348925756,1.01981807854
2.03376725927,0.803336491155
0.85934074361,0.33956761435
1.46093305006,1.94317462136
0.724265966539,1.05782615472
2.02024767717,1.00490142523
1.86270782171,1.11154332445
1.08154794215,2.23866486553
2.42947032723,1.43866425123
0.847744719503,0.684435969234
1.08590310667,1.18265315034
1.84672214563,1.23241849572
1.01547248283,1.26018298864
1.41557846402,0.909070523973
2.07196013177,1.04768760224
1.52166180324,1.29831831739
0.772638741872,0.984974771715
1.82431678323,2.47169909526
1.62206379698,1.00858615126
2.04694287708,0.935096806511
1.37835826286,2.13018169047
1.12155247596,2.15420125394
0.959889532099,1.32332314179
1.53175039309,1.74184707587
1.19451620233,1.8036289595
1.37952335143,1.06344910382
0.573424038508,1.59938682393
2.21590045116,0.925474207988
1.54080936521,1.74850665329
2.41775553483,1.31127570012
1.53797064046,2.23790212121
1.28227528437,1.1215612241
1.13574672779,1.02936884362
1.41586566556,1.64591431809
1.042585949,0.904201474856
0.916962944614,2.15248975568
1.27818140925,1.88721201021
1.98129789582,2.06242085889
1.80201718847,1.06390515023
1.54710151818,0.916782582477
1.20117113509,0.787748290747
1.53356171907,1.79728905699
1.57201707879,2.03004782243
2.09031890464,2.13430496472
2.40663281078,0.880555561375
1.58677369248,1.11702799681
1.76590867805,1.08133383893
2.00825291061,1.66960491686
1.2266187087,1.26022222341
1.27824923988,1.98238214199
1.63967675727,1.73835248067
1.17297724498,0.937510373327
1.17183148298,2.06173904112
0.881431305204,0.65217384508
2.06515388979,1.02346335433
1.83035065809,1.14280941503
1.80886721577,0.977822600116
1.71285575805,0.595472704263
1.26804224693,1.55302009753
2.13684591075,0.892726290409
1.24380221263,1.17617781382
1.52672286075,1.96125395526
1.53016926093,1.71351717271
1.34257741351,1.58441672487
2.53239756829,0.882054041574
2.07280278767,2.49916193733
1.8182144998,1.74196133711
2.4204570248,1.04753015404
1.30913148022,0.385802916083
1.71053501164,2.0219856296
0.80198310396,1.05274568599
1.76816843511,1.26461697981
1.65829754206,0.635679585112
1.42040344939,0.876885461903
1.18655510419,2.23697148254
0.643342222665,0.84795509371
0.57821112512,0.822982706239
2.02597495405,1.42577651377
1.37123283013,1.32132690943
1.63343440872,2.30671769673
1.8396015401,1.83170569906
1.99594494977,1.79020461771
0.927394051039,1.45547835111
1.41824017545,2.22125645402
0.39507801166,0.838163609988
1.75890514595,1.82309066129
0.833707112029,0.858808702554
1.82416323811,1.51769702629
2.06218122409,1.0923197724
2.38394360619,0.734210055388
1.11124750038,1.04261854156
0.691019415007,0.895016990623
1.13613457379,0.451077876699
1.90270610738,2.05935599287
1.67128495195,2.32169019419
1.82110800509,1.78399957061
2.16203690792,1.68714012116
1.59333733383,1.67649167275
1.94512850574,1.26887452761
1.74496046393,2.00071555937
2.23929658005,2.05814952108
1.48091718153,1.17662272204
0.225161010109,0.653814890904
0.726284776443,1.71874718417
0.632013502181,1.29023384502
0.893801826624,0.587514611975
1.32712745513,2.17238267519
2.52837983823,1.2262286991
1.72651490408,1.58103942873
1.98138406226,1.37775013888
1.555028594,2.08637462966
1.98150858435,0.57017935302
1.70506454488,0.73050340857
1.554877374,0.93575000314
2.16149888098,0.957266374747
2.27001627283,1.54067266894
1.29328547117,1.83557384376
0.981512079371,0.967808417113
1.83068476938,1.79087807829
1.61948882586,1.62326753548
1.64002519513,2.04833189667
0.986288811802,1.06615229673
1.70279872081,0.699199423789
1.22179112158,2.2665016586
1.01372755519,0.943844844992
1.18889119685,1.66612823154
1.74944219294,0.715977876713
0.96006864556,1.66859295584
0.794796730679,1.49786523886
1.17057061189,2.15368001805
2.0092039443,1.83001909261
1.25905589751,0.758573877809
1.10785131987,0.95662995492
1.63345603146,1.99887115486
1.91329843671,0.400408157325
0.323330731179,0.693247946909
0.944483898697,0.757705453715
0.856103255798,1.1861074895
0.683611460804,1.2460743512
1.75592120087,0.843507547009
1.28093371775,0.989471446939
0.713216499852,0.89620546729
1.34788901036,1.39676531942
1.50666379935,2.16303603187
1.62417410103,1.94021598353
1.88062637042,1.23477366425
1.07191869437,1.72022893103
2.21910553711,1.33137354207
1.34569946943,1.32388557761
0.788523594248,1.20399245327
1.06715306899,1.09888689464
1.73937395897,1.73393611884
0.859946336184,0.574928166062
2.24275408906,0.640572135943
1.68018156052,1.99602491962
1.09249937379,0.586574959881
1.43851183448,1.94779794875
0.906534240362,1.01684960267
1.28091956307,0.842307822069
1.42647547333,1.7663973582
1.95713135929,1.98281564006
2.03947219037,0.578331985782
1.31367519069,2.52037165248
1.2693452521,1.6492712758
1.58808723471,0.679677396694
0.592065782349,0.987579756533
1.67308037912,2.24550611925
1.62585723253,2.27733020659
1.21484461637,1.860801073
1.44685878501,1.73278124508
1.04990148721,1.75444875782
2.21949767811,0.980353487457
1.80711423399,1.0450345681
1.88503651088,2.17938394742
1.08397737971,0.970554883107
1.69646777477,1.02549044111
1.96152740779,0.918468530053
0.793907880093,1.69845667071
1.01193002038,0.529901586742
2.12534017496,0.627935099078
2.6513494848,1.1986222867
1.48353354457,2.1567672806
2.18675574209,0.810642417476
1.07806210347,1.94755298851
1.65376866943,1.89226502148
1.74565181178,2.04214877223
1.6984064383,1.030422144
2.12677411168,1.16424417163
1.37693439217,2.41465456652
1.30208662584,2.14220236018
1.77021717153,2.26740923191
1.52921570379,1.12004716251
1.44357307859,1.68927568214
1.55981912184,2.58372841739
0.678774213547,1.31633551808
1.10584498195,0.954167672936
1.74192126441,1.0984903885
1.94487328093,1.24738546589
1.45755682205,1.12340027287
2.47365955832,0.761349834984
2.06295484338,0.627812620133
1.28198639221,1.93485106528
2.26555626236,1.44212944454
1.57942162733,1.50144548983
1.48303152479,1.53926181614
2.95129243199,1.05684989126
1.18153602522,1.26866679567
0.996656316447,1.00344966996
1.51384051769,1.71248765593
1.22606353873,1.94646295553
1.85308249329,0.916210999216
1.87961065846,0.905003411484
1.35558221279,2.41911959039
1.06768259634,1.13491363007
0.93913094777,0.967035166207
1.88355374226,0.982021599199
0.720953049243,0.946423272374
2.04013882874,1.64146886796
1.66651438272,2.19677732341
2.0497590568,1.39874238482
1.87086142643,1.34481381501
1.23003405698,2.1446241826
1.98191373991,1.08342431439
1.44822372195,0.93845252087
0.96683780283,1.30605181351
1.09111771584,1.76247304531
1.11109188352,1.97209275667
1.08159610752,2.11195241548
1.51857844104,1.4376144249
1.71107566639,2.27874354433
1.36746116926,1.0194568319
2.13044238732,1.16202833816
1.939893956,0.485786165185
2.26594746181,0.918360473195
0.994893875842,1.11374552067
0.718305528197,1.30510629742
2.05691078362,1.51077104567
0.960427408066,1.12142854361
1.49596455919,2.24464159077
2.13988701307,1.5144494826
2.04846778017,1.46902142351
1.6231805374,2.14429095501
1.46085061538,0.759324048481
1.82477193596,1.10053168606
1.76588795839,1.98342230128
1.86377589125,1.02578559203
1.62213909932,1.81143272593
1.37543058125,1.79790074861
1.8549358672,2.21566914966
1.13984992781,0.888927267789
1.0148484945,1.14815103288
2.24761166963,0.910503049301
1.78282138878,0.664111529896
1.96653420962,2.1839978679
0.893970475373,0.515057743405
2.18703608283,1.26720150443
1.73125527188,1.16449843915
0.634618446522,0.908510908644
1.63684908341,1.71653894078
2.13066384779,0.820232716762
1.39783198952,1.6090339752
0.765211253252,0.966883210292
2.0055882112,1.31629749247
1.23589838863,0.860074270979
1.46142373491,2.13662599728
1.04171041555,2.27862257744
1.31242622323,1.77905264855
1.01354020463,1.70188744181
1.47501348129,2.48085908881
1.56687174589,1.35279308795
1.96903617456,0.684582880402
1.57368492837,1.99010105592
0.727810490685,1.01558361874
1.04695196139,1.06965431086
1.13517702578,2.04220157099
1.88895075065,0.712223382208
2.54657452936,0.977304858823
0.744481240824,1.54681708004
0.940480330954,1.02825769009
1.42689504895,1.11882597549
2.07584105163,0.877595587288
0.414458769556,0.802032481081
0.863858787684,1.12097936205
1.06585286674,1.11791888019
1.67575524175,2.34091642326
1.60989595033,0.758844878791
1.38673592428,2.25639281861
1.10167123756,1.60631306845
1.39833480879,0.969615554135
1.69860160994,1.89773767683
2.09573552003,1.09217943415
2.7465324843,1.5087908599
1.70399410916,0.616251667892
1.06404401467,0.63742790388
1.34322643754,1.90786048395
0.999666032135,2.17641132462
0.988215154532,0.649571950678
1.22672208667,0.838260208974
1.1055340332,1.11377066006
0.605227776847,0.861524618556
1.47575651612,1.7888422892
0.821105788465,0.984229811119
1.63887944234,1.12511305089
0.907296109286,0.497198858101
2.15161608157,1.10777474695
2.46838387969,0.717918929213
1.38579520212,0.547900480536
1.02237592196,0.676870279179
1.0726353883,0.733383922794
1.52649584612,0.960103473307
1.76096740811,1.46442004041
0.600336503622,0.409412593064
1.1188020138,0.672081547381
2.00761568132,1.18311752929
0.894137974384,1.70473729932
2.11529702156,1.30291355644
0.948546978099,2.19591118502
1.85502513726,1.00077135473
1.36393406973,1.70251149249
0.884606373057,0.866849172053
1.40138169218,2.19918952266
0.974220769909,1.05828788141
0.933218295716,0.726076234587
2.20636441735,1.01495717998
1.77832737633,0.878790311845
0.822579199658,1.33732575535
1.05852090915,0.465531143288
2.64487236046,0.9729268451
1.89506534597,1.60704158493
1.76654494356,1.52103248709
1.76528990993,1.18753559693
0.648062978466,1.58308635569
2.1662382735,0.798962230682
1.84139880232,0.967598848966
1.01409463039,2.17178810516
1.35387257049,2.26969021838
1.4229390908,2.08804141929
1.60614509764,1.42446224078
0.608041944479,1.49743920389
2.38022349645,1.14984947004
0.803060897509,0.149633648418
1.40967156404,2.16109637434
1.35799172235,1.93892879856
1.80365048855,2.41525601737
2.31625337268,1.2852501091
1.80588394209,1.05137306355
2.00832863949,0.872337336169
1.30450313728,2.1514446369
0.98242403466,0.904737071821
1.63613965514,1.08513086632
1.7970968432,2.4879294473
0.804277425284,0.882713987444
1.52256563736,1.00096666493
1.41421225455,2.44907329806
1.57229901961,1.70830462459
1.79612208724,0.830704627095
1.69055526191,0.571002622394
1.59773988409,2.03743085631
1.45280841352,2.08287195561
0.880165291221,1.11101676635
1.87962958703,0.759975257175
0.83941895064,1.00762156252
1.9638780084,0.556205206011
0.68543411048,0.573994618846
1.27305367243,1.09516546456
0.85899013519,0.934980558827
1.94907251183,0.959760165169
1.28209025034,1.948262421
1.59186101889,2.10910936781
1.59791252692,2.44493858839
1.48678653079,2.58786860156
1.48496776236,2.12949015584
1.01110171657,1.23037072232
1.74826117915,1.29703641516
0.525118480799,1.18311381373
0.979527518403,1.51400281649
2.17981081176,0.923104931893
1.41959706498,1.85101753708
2.0717436742,1.41936887833
1.0939203105,0.743771278209
1.66523658423,2.17862694703
1.72615970507,1.73354353667
1.22999895449,1.10688784524
1.44834536335,0.379004492496
0.868243143459,1.05440152877
2.0041245462,0.446589650912
1.72530759126,1.73026611847
1.08904214941,2.23383815938
0.730779721929,1.39374111014
1.89779229684,0.621048126374
1.21599511904,0.669128136113
1.66153110011,2.14500255553
1.00258836968,1.15810126254
1.14306951068,1.04453487441
0.791629642081,0.955109637902
1.70034536117,0.777958962778
1.95133446573,1.23082905345
2.06377611393,1.4641094491
1.67779268521,0.987322854502
1.60272820539,1.93297216634
0.895611443224,0.593983342556
1.0091805473,0.979107526466
0.552622722188,1.13181751038
1.21946183717,2.11454720289
1.75034418975,1.05170174177
0.759057583798,0.860698692569
1.16920256052,0.614634310602
1.64906794345,1.80048751455
1.32277285413,2.29159108816
1.9025195125,0.786608092077
1.42963858953,1.7409933256
1.4966593118,2.4032223124
1.48195863435,1.7401493603
0.515830645733,0.936177915936
2.08070722195,1.15747535909
2.12026570373,0.99710282904
0.927598662564,0.736542897157
0.289123928432,1.25921569015
1.0063186064,1.02983633711
0.49056825417,1.11618414262
1.29362139523,1.67226795976
1.07675300599,2.04947381878
1.45579390063,2.31794188848
2.69623995178,1.03512726165
0.917070146495,0.92212690545
0.809246176486,1.20292998848
1.71285257052,1.30419164623
2.07426890912,1.50021317696
1.83006804388,0.90769261679
2.43674238555,1.01664766763
1.28502652526,0.954592837511
1.24647571361,1.00158779389
1.10642730793,1.18506596632
0.912448791176,0.771552336457
1.30868064778,0.978313897732
2.75791047211,1.53097641646
2.42136365448,1.04393223114
1.98799486869,1.93656851275
1.89096866597,1.23371536604
2.43000575086,1.12551940339
0.864609088869,1.07970639249
1.10975463638,1.38934758009
1.48090155336,1.5260208411
2.0080215148,1.05503507607
2.0022852495,1.26605940597
1.63844066323,1.98605565319
1.65000500876,1.57046066658
2.07402980719,1.45778726827
1.28274043577,0.919721576129
2.48255664678,0.831526375119
0.860921207606,1.14444444213
0.98275914446,0.882634884348
2.42085342203,1.10075341642
1.21861572142,2.08211883486
1.76781244586,1.85791878291
2.27642251934,1.13824434314
0.965567402569,1.09262537255
1.26857808187,1.41248921992
2.23063119332,0.873601723803
0.956926146485,0.885392365315
1.66495706019,2.000269978
2.64593593777,1.14049147231
0.855564456531,1.69005056741
2.14412734884,0.709544180828
1.35441358039,0.810428872598
0.716689452753,1.07143094435
1.82179081418,1.65842963891
1.43352768054,2.12727578543
0.566039590131,1.2400893848
0.848392504821,0.755262537402
1.70827913319,1.40386632197
0.612142927083,1.0801152608
0.720163287548,1.37299581534
1.15698299816,0.948536100633
1.19203945783,0.514913186707
2.1929163636,1.17646747874
1.68064904687,2.26198191449
2.15658560365,1.93406810429
1.24016944103,1.02347805255
1.17018708336,0.933197469845
1.5874446562,1.15029766965
0.937928897151,1.26405367362
2.23224818295,0.767662309369
1.77388866015,1.04130694777
1.77024682926,1.54822659453
1.31032296594,0.701136207889
1.22415650026,0.643316513439
1.05322784268,0.879465719138
2.089614098,1.27319370167
2.37872887253,2.06685749693
1.7437000768,2.16388156008
1.42300495936,1.98845700253
2.38092942509,0.787043745356
1.2431091519,2.37796259946
2.3003993052,1.17916375132
1.12519844554,1.78706446996
1.67859009231,2.34924552987
0.741632294484,1.57301948593
1.21021384235,1.78270660423
1.07992313756,2.05240402787
0.819802732703,1.46567295401
0.473232824969,1.13528033854
0.958219121219,1.99420316241
1.17355644932,1.1048963371
1.69870318634,0.70054248153
1.99000421515,0.54075895078
1.95158793912,1.53833464157
2.06466591614,1.17040220777
1.69006017074,1.81735546477
2.07569942942,0.882760601176
1.75541730166,1.54036419724
0.840253024237,1.19351658204
1.41129670189,0.847047027358
1.67133294664,1.8368917911
0.549281029185,0.46669991358
1.6949488904,2.13043664164
2.02478330965,0.753539644894
1.69502535431,2.54628178223
1.56086431333,2.37400854227
1.4406637645,1.74866712218
1.38116304067,2.67628510964
0.802434109958,0.845729810218
1.25773378754,1.7773543515
0.797700201803,1.00954916748
2.00938026411,0.972366365592
1.98189125168,0.786687820963
1.69308938264,2.20666899998
1.25248937922,0.925162425952
1.09901053435,1.66778329952
2.45927970531,1.02773432064
1.54323194554,2.0700374239
2.13410724707,1.03171599864
1.56026739704,0.706816636037
1.59600957963,2.62375299944
0.921506366287,0.945326564863
1.89126416755,2.03144348242
1.79281125761,1.53291982025
1.87238976609,1.95323060427
1.47055163664,1.73401572198
1.64150395842,0.849877099809
0.650396439027,1.67497200192
1.81603192459,1.83097770106
0.863340248945,1.00524374771
2.0852943557,1.12462018785
0.661952257373,0.780796674141
1.24916658615,2.192663283
1.08306569433,1.41389643121
2.28625687427,1.16324342571
2.01354975678,1.55780390016
1.54199654022,1.89678631135
1.24435594675,1.01767767675
0.884536057246,1.0283054768
2.08552830368,2.37198216495
1.46626687319,2.26935925196
2.04777514051,0.412435313459
1.70398320183,1.35107070548
2.05657386283,2.42469686785
1.72410479298,1.7928807163
1.21693014812,1.00738363757
0.958424493411,2.2491158016
2.02057976824,0.918317169656
1.9003693168,0.783570611328
1.59045113683,1.58412959285
1.08947145226,1.39791576901
1.13722468187,0.71061639588
2.27713896809,0.960229595604
1.05000204861,1.19050943107
1.45399842477,1.16593961926
1.26873069224,1.33447736785
1.36211206732,2.00107496179
2.01143540005,0.826324558017
1.69818894262,0.753535052319
1.84040185718,0.71312247327
1.17129863131,1.6721310181
2.06727566629,0.496393491151
1.89674106306,0.924186798388
2.05934845035,1.02932524073
1.0551776483,0.884353071887
1.89166605958,1.1826887025
1.46076325869,0.680970118554
1.50835780786,0.780006157725
2.0039719303,0.96341652172
1.76284309345,0.727809963542
1.5937901889,1.94196083516
1.15631946294,0.827263609056
0.371619078638,1.03711657427
1.80401458942,1.02355420755
0.588772005237,1.25969587684
1.53886635616,1.57820987566
1.53065349808,2.15149841653
0.844744287247,0.706351042192
1.10690991915,1.21197195046
1.05939018698,1.32458056554
1.06147849733,1.5353611589
1.68634263288,0.674543182162
0.689727147465,1.20447835548
1.59109694206,2.31018709604
2.16026035125,1.09536552917
0.782320786461,0.584990813381
1.26068904607,1.08306157175
1.26683158735,1.90999892692
1.25933085966,0.777350493878
0.561480193522,0.794968069963
1.08239522503,2.17766170449
0.748696587428,0.822645068871
1.66860393177,1.69762705901
1.432291432,0.946656056889
2.04254199175,1.55003060854
2.16996359475,1.0438913338
1.56220021381,2.22774700253
1.01796840493,0.936243086569
2.0442303205,0.706760536826
1.54224319556,2.1420464785
1.47783122633,0.922428210497
1.1010324416,1.89335156762
1.74811026585,0.589526471398
2.03907555677,1.93869831893
2.03156964112,0.97250217757
2.20326711008,1.39215515352
1.08413251159,0.702062916721
1.82957449447,1.96187985115
1.03731355476,2.25864441707
1.67501040205,2.27798143049
0.770756822828,0.56866255786
0.837141557195,1.12481501388
2.45562780109,0.648651861565
1.27885153344,1.17466737742
1.24609653918,1.4079845625
0.23410305525,1.19608557863
2.37817065351,0.96988194898
1.01158916555,0.502985469303
2.39260062571,0.992260432524
1.91534123699,0.652539044445
1.65495223328,2.12278849899
1.80778228274,0.659706521883
1.09746088474,1.29913539424
1.91863779803,0.604847563358
1.114819729,0.98972731584
0.202248328601,1.18189585731
1.14960708247,1.31439164679
2.26070190285,1.05525437941
0.896125165706,0.761609103679
1.25737717729,1.34233056
0.942803951926,0.88154514579
1.5776392702,2.31207168927
1.36364706653,0.448346018872
2.37732326525,0.374009506174
1.33346209635,1.94825530487
1.34349104252,2.2332821844
1.47529690596,1.85611309548
1.60337700444,0.986621372063
1.19626285418,2.37517094976
1.49228886876,1.21880390388
1.46551147012,2.14875520069
1.22937840858,2.09629983986
1.74916011748,0.326403505489
2.02029026902,0.861093473767
1.95537015433,1.02880126149
1.45726563936,1.60737094573
1.81233288947,1.29764104856
1.45599845823,1.51587679222
1.13925740754,2.12482989032
0.994581312338,1.85017497169
1.70179101557,2.0779497485
2.26433932913,1.30989675836
1.08235490732,0.732725475101
2.15697852161,0.838724989433
1.19902027293,2.05238887334
1.20992067346,1.48048059606
2.26128853465,0.736608815039
1.62422199755,0.824103992437
1.0152862831,0.461731218553
2.2534986809,0.797321851711
0.758977100748,0.793135066675
1.32092486647,1.93311224511
1.74924317976,0.717371923338
1.97029750661,0.684803849024
1.94796083088,0.846991138073
0.796592265531,1.3893537372
1.50074810445,0.962029200508
2.2255839763,1.16889691558
1.27884444913,1.79650104864
1.99698305844,1.37140208079
0.721983430577,2.02917526309
1.79469809514,2.31123343902
2.15387505405,0.237628357694
1.26876470979,1.85574639774
2.06152598757,1.34846014107
0.805845570446,1.14167414503
0.80691447915,0.332979054333
0.798261865667,0.892134051538
0.758312047738,0.664506422704
1.33476017229,2.23761244953
1.47261989408,1.87952879735
0.793810288853,0.964757636075
1.55231191461,1.34189499449
1.83515043611,0.670428781733
1.78401784036,0.731927679306
2.24061552162,0.446040405501
1.27649303496,2.30367815302
1.53070075405,1.93277228988
1.46442401293,2.14651117713
2.57151909217,0.995566834102
1.59700695944,1.58918266279
0.945260781817,2.42298564152
0.952699895151,1.67701704919
1.63436089923,1.77327477187
0.791102003842,0.912880869759
1.38654658593,2.25586672918
0.507110411941,0.878178461122
2.34450517421,0.726744886708
1.38547947383,1.95416166098
0.995295366519,1.04827845049
1.35640893771,1.09508278358
2.0667389492,0.97348734304
1.1481225332,0.96516881829
0.925859788599,1.31435016536
1.89321455209,1.76206948623
0.878217481843,1.21731055146
1.77336118209,0.639639544295
0.652793422243,0.906312324662
1.95719368638,0.631709073877
1.70387035973,1.87286352544
1.55562621134,0.61823255949
1.77305194134,1.09045421722
1.19619806287,1.69181093688
1.91250740409,0.477693157492
1.50339678851,1.04609333824
1.48290628351,1.88114436658
1.01944771438,1.98862788164
1.05979005907,0.984818937712
0.82080517931,0.928623481079
2.18124102213,0.511124919175
0.419116058246,1.05663357904
2.03147214953,1.04017387678
0.477293140657,0.609027173766
1.56607368081,0.864294917329
1.73625181135,0.930669517722
1.47178126489,2.11926956469
0.811573732108,0.855691864462
1.39574106289,0.735274354435
2.48008034562,0.943349565935
1.71815246101,1.988328408
0.653145270453,1.23435943051
1.69990089531,1.5021957121
1.85877725055,1.08183891686
1.17000875773,1.87869433411
2.17053767568,0.900156470544
1.75586165503,0.565264716779
2.47632845712,0.807022719463
2.08580375809,1.29357018923
0.925877198742,2.19906847298
1.78157554087,1.69422465515
2.27396057728,1.66339129997
0.895626355202,1.04690469073
1.90976483706,0.801817421807
2.31770817633,0.693230682622
2.31172893211,1.14372856723
1.09514818789,1.15601218437
1.87067109875,1.17182541006
1.87274817385,1.63573481559
0.99270216268,0.778590727238
0.972885397817,1.41027917194
2.16778969442,0.680891322692
2.4754461582,1.1943903373
0.867723210312,0.915893351445
1.35053651442,1.87057569767
1.7727565486,2.02421596713
1.87631847362,0.878962244974
0.850295008602,1.00640536715
1.00366959509,1.47077788436
1.82480168463,1.9551231495
2.50077524191,1.09059676311
1.34182020536,0.629552253894
0.718635930655,1.12993238595
1.35305153435,2.19764064251
0.804311920019,0.84364320631
0.989269578442,1.71422360537
0.727371026212,0.872704713707
1.98821960269,0.715320156745
0.991545331498,1.12849956116
