2.47944546198,0.778207794242
1.73131519836,1.98382816365
2.12868377335,1.07841620081
1.13172128056,1.08720518004
1.12549467964,1.47493084039
1.1719422237,1.25821786804
1.45866152394,2.31690734791
1.01862482227,1.08469213137
1.52728219518,0.62262746288
1.63905225558,2.28339729315
1.8655302702,1.26211011403
1.851916441,1.04863931884
0.79292236101,1.43204408671
1.44859458623,2.09105564011
2.27124843007,0.795500013244
1.02736299096,1.16322703033
1.17506480629,0.55142385643
1.30651445231,1.38245850059
1.56849090117,1.7816214903
2.09254916811,0.959323151983
1.17133961396,0.624380916837
0.89788580757,1.04387707948
0.971098721498,1.11496758054
0.3380313312,1.00569357088
1.07716818872,1.4018138283
1.447234257,1.67076620338
0.50480923381,1.09953490197
1.80898105468,1.83892832145
1.40389418475,2.01981674125
1.23867145274,1.9903469871
1.29918263181,0.873051974922
1.48751217004,2.07283721338
1.13025290289,2.13974359719
2.01089443764,1.17543799021
1.67911988058,1.0131785065
1.04325853786,1.91558775184
1.12348921404,1.05006200241
2.06365686604,1.45198987324
1.24222461556,2.25814174518
1.07959830783,1.48794725858
1.94205548104,0.81013327098
1.16516634981,0.898119533208
0.81578069409,1.2712871388
1.92248956146,1.31469348557
2.21583434891,1.06808710031
1.68725412495,0.990116912911
0.751419990664,0.445376988897
1.37458384524,1.94435978273
2.06019036538,1.02722138496
0.971524763125,1.00539822766
0.80622604262,1.43018557519
1.37100393481,1.05749311786
1.2459095252,1.94612682182
1.40682754592,1.94287779571
2.00926513032,0.760834846972
1.99201191645,0.909075525777
2.06385493103,1.05641438508
1.28331588124,0.815773707467
1.57063581857,2.63996833083
0.874513698449,0.818185380235
1.62127324425,1.94114713214
1.53884867036,1.64319057703
1.63893023544,2.16154765015
1.21538321645,0.667241161957
1.37140925986,0.729910201222
1.60812658559,2.02824277771
1.54124138479,0.502611187423
0.807405468912,0.660058327134
1.35896135754,1.83563543922
1.06708317276,0.896455673435
1.38265704201,2.11118974621
1.10291257089,1.05328723613
1.8879023318,0.587749580029
2.09748738587,1.18571226511
2.22900131273,1.06669605377
1.90856292625,0.997701232965
1.59495819079,0.556848020295
1.20414535741,1.03611521501
1.77602418552,0.93837878165
2.07027947248,1.29533221905
1.82047498988,1.99474522445
1.68201175245,1.8980324535
1.36695097037,2.3564270497
2.23087602148,1.14872994263
1.83501588378,0.874429798263
1.10205474979,1.41197014772
1.14202690631,0.967455683892
2.27541813482,0.976027812815
1.41004749762,1.86320145819
1.90433013267,1.00680145596
2.26895602285,1.06323533401
1.59346645176,1.10701678058
1.78621889928,1.88311975222
1.72776662863,2.13252136658
2.01150302332,1.16617045749
1.17968540411,1.79851932034
0.896202879098,0.735227577244
0.728090720276,1.08814881726
2.2445273141,1.3359261294
0.551485906288,0.751589336283
1.11935244462,1.18953424981
1.03224140448,0.893838682394
1.95631331052,1.29374609262
1.03721498017,2.29845950924
1.451389694,2.25150737427
1.74901647769,0.450435037441
1.1936308503,1.19452976022
1.98646350534,0.829731648054
2.04330727342,1.29163914887
0.96193408381,1.31832958153
1.2549566703,1.83381431114
0.832376897662,0.687548843931
1.72228650145,1.80421972186
2.46158112288,0.56599602698
1.71475732616,1.71271796954
1.0759276517,0.77558087209
1.54462985741,0.962249713694
1.58479265988,0.633364599027
1.98999203461,1.09408440795
1.54260955316,1.89524463033
0.897784539367,0.498428286548
0.71085993147,0.877710465512
2.13058628083,0.973570098205
0.938528512067,0.696469746212
1.11173297678,0.223674028201
1.08828751416,2.28291971488
2.25943632427,1.15626292657
1.25509449384,1.80836756428
1.92325901797,2.47781110923
1.21610135434,1.23058116311
1.0679819948,1.8875061522
2.12804670108,1.26945568855
0.887110454848,1.34228461971
2.1864708009,0.290324750616
2.07718663382,0.801652185345
1.35850459787,1.43488107686
2.31283937039,0.562106702245
1.72185881488,1.57178020195
2.29122414862,1.04610026667
1.64050393107,1.98429214746
0.529258899662,0.751088019733
1.48044018049,2.07003189393
0.969062966582,0.535004052677
1.70390737862,0.844324191074
1.05831699386,1.27345893022
2.05396411902,1.19500282855
1.42115887938,1.83497172345
2.27069504313,1.14225901463
1.21386426916,1.67787742445
2.47202184474,0.538547062217
1.25247587567,2.34556033002
2.00529818909,0.977030437119
1.00289780808,1.20160945262
0.622580881664,0.786759451288
2.15193101938,1.20046289016
0.489208136337,1.08500909325
2.12902241176,0.887723875789
1.23991257133,0.817712833876
1.56376041211,0.858030264466
1.38524072924,1.873065519
1.61786769558,0.993876425539
1.98736827497,1.0221540827
1.25117932073,1.96197324406
1.9059573071,1.75319482139
2.28240724032,1.14772726718
1.07078210504,1.52064835405
0.595416744259,0.661047961645
2.3682385464,0.909431907705
0.970783822381,0.723359456102
1.55690154617,1.62820853048
2.05274798551,2.13378639753
1.26899415157,1.37213759703
1.89756191222,1.72977014974
2.34198778865,0.946004288008
0.772319041028,0.516640871347
1.11265565953,0.808253174537
1.42917818002,1.41142045557
1.71584874583,0.831347080997
1.40410218673,1.72015959536
0.756176798229,0.837922093866
2.17028379973,1.31218945043
1.90007597215,1.15278405057
2.02816273844,1.15096515675
2.05409979491,1.36325578495
1.41932319324,2.19929987507
0.912951871924,1.02727204656
0.881094275319,0.767609912689
1.14813266673,1.11833601408
1.47013725138,1.86189997161
1.88310634203,0.692700936664
2.16713381475,0.723559725832
0.966914067364,0.809550102881
1.26405290445,0.232890393187
1.53238622073,1.8467404392
1.12967649221,1.07814681403
2.20507872273,0.894937727787
1.04033219993,1.40719658195
1.30278528965,0.823214723234
1.84240568517,1.41577719192
1.41671061426,1.53084896929
1.60525967921,1.74419353721
2.3981531566,1.12778174177
1.95428861433,0.975792520841
0.937706437132,0.759502425814
1.95290001763,1.10581482849
1.21651083367,0.668513420746
1.22233943928,1.32248551294
0.860550913806,1.54026897507
0.884186685387,0.790712652797
1.65720597467,1.64731307274
1.54292077136,2.19435603828
2.13822034451,1.13636429127
1.34984435966,2.33875442221
1.38983424607,2.00076091117
1.69729996181,2.04356540579
1.28152163685,2.40713000967
1.98263495719,2.19964454432
0.744409776876,1.31276456067
1.05133497579,1.46786404918
2.1971510862,0.581209735448
1.56894237316,1.74296439432
1.06575002727,1.59700295496
1.61347938935,0.849943922733
1.06366997703,0.715313178389
1.41523111527,2.27711024374
0.85921132382,1.67548703027
1.42188515052,2.14835345937
0.43881959966,1.10552542584
0.678668935444,0.899728058866
1.24872533898,2.37414582543
2.0061200603,1.01191094073
1.38206891747,0.806954228326
1.28041801289,2.20476221384
0.54354446285,1.12957903155
2.55069391214,0.945054489816
1.26225959565,2.45626001211
1.87210900931,2.06101294839
0.878157005518,1.51779384397
1.53821924716,1.3915973858
1.68805264017,1.72723311819
1.1512157228,1.67206670608
1.40731703105,2.12608087258
0.93720749841,0.915370075473
2.2758889025,1.21473750751
1.02010369093,2.11342247649
0.641687031503,0.836079262802
1.46147778102,1.04598377154
0.738832544978,0.646340862251
1.33293216045,2.15877629951
2.00285194524,1.61552297483
0.786607936662,0.751421561742
2.24622918374,1.17791886744
1.11379633823,0.945910523566
2.05400190755,0.676035161372
0.431408349021,1.57805800118
1.26523055098,0.956597173935
1.49834032637,2.38249681915
0.891676162882,0.857118032903
1.46342628912,2.39219292964
2.02450881186,1.26284912519
1.68747745534,2.28123737383
2.11594557906,0.857974350669
2.10894631128,1.32789149809
1.86117726153,1.34064175985
1.60892059938,1.90495278999
1.86194088588,2.42416704229
1.10734745079,1.91402082368
2.05571705843,1.55684493721
1.35301696158,2.07683675868
0.898752201381,1.29808383812
2.36292196291,1.17260860754
1.99558181921,0.862315569756
2.37082045,0.951783778045
1.23675615428,1.88897335308
2.12061591778,0.958030354315
1.85056055517,1.67948606325
2.11386398449,1.33647539959
1.67611988449,2.08792947622
1.38989917435,0.823697880457
1.60161742558,1.53825093152
2.04914355702,1.97977314757
2.01998863553,2.11610879465
0.673758044581,1.25223141635
1.57690121701,1.83098627791
2.38934951078,0.54042238953
1.72646929171,0.834917621687
1.97993441154,1.78497439431
2.23814859139,0.765045226632
0.455203136714,0.744420621642
2.1687581438,0.833498064478
1.68742989199,2.20680996812
2.45684727971,1.10577256752
1.39512817789,1.22002507151
1.86859299384,1.24519479006
1.3080796147,1.36344615225
1.3444813906,1.33666635766
1.03553538596,1.11255702176
1.31748018002,1.50307145175
0.669835779421,1.36439986007
1.75671848688,1.18378941024
0.680855312481,1.21978810595
1.6984806811,2.11838920091
2.26157032958,0.610378524567
1.30697711679,0.934419575624
1.33005827992,0.949621045973
1.70483444292,2.08950193928
1.40778431575,1.39350232284
1.87996342164,0.821404644187
1.55019688695,0.615545009908
0.718087109356,1.47084148055
1.90516898808,1.56973351233
2.11273514872,0.502751360011
1.46903465921,1.878919046
2.28438627883,1.19629157553
1.0029400058,1.50004373829
0.742958664451,1.07069905558
2.05787334328,1.14869190195
2.01067566755,1.14356090657
1.72672740463,2.3023807408
1.97060568371,1.38287619509
1.77355909105,0.690845283976
1.02508324529,2.20445138872
1.18658726297,0.870998459531
1.21003039521,2.03966680616
0.894958807335,0.656665066301
1.63238110369,1.85241434914
1.59318350087,2.2838501533
2.00855304269,0.989672611363
1.52935178479,1.72188797912
1.61467449791,1.77611382009
0.542921475421,0.981202436708
1.7301813799,1.94029973368
0.981162829502,0.630849156499
1.30189524504,0.283428293424
1.17395443292,1.64201612465
1.67762826849,2.45619721559
1.71944845823,2.53237521452
1.29177179108,1.95547656956
1.52833516848,1.22583785501
1.59270148602,0.548954047034
1.95521685943,0.767051901899
1.39574080209,1.36919428507
1.15212732959,1.12293202815
0.734703193426,1.06844416767
1.64304495013,2.36796324147
0.963304876768,1.31726236628
0.86617511571,2.10500557755
1.14542405045,1.982781466
1.07362493466,2.15594995376
2.22903373003,0.921904002971
2.45305519532,0.769165446028
1.16588780663,2.09807445748
0.856974561481,0.669422988446
1.68026760262,0.632928296276
1.18012805022,0.560225445583
1.56683083986,1.96745771693
1.52986264246,2.42532091838
1.41701966938,1.14596504952
1.98618926036,1.06692940835
1.14668948667,1.02475818437
1.82950034947,1.918073622
0.778159734694,0.851150345757
1.55634740232,1.23644720585
1.37860478683,2.01063888377
2.02412951587,1.61345144371
1.45685972844,2.33421127061
2.03093102402,1.77605988125
0.984282754274,0.999612188034
1.9065385311,0.994363850914
2.06026733094,0.71821765393
0.359186388796,1.07041563621
2.11785711957,1.06904861215
1.32388540187,2.29962030338
1.45037094747,1.89372484622
0.979904683954,2.10712747828
1.18455496076,1.73293476232
1.52420670672,2.06935778597
0.772258007423,0.589401188215
1.82846479312,0.769608069198
1.16472024522,2.41619179097
2.03273309554,1.78281404978
1.5123187432,1.9111105792
0.372910863575,1.11241973543
0.984501286554,0.926097542394
1.08095374148,1.11560382972
1.30790468685,1.1834738446
2.41577916764,0.405310794947
1.19425648275,0.955319437319
0.779172608737,1.30649874492
1.20359986867,1.85747836519
1.65982078823,2.43198297472
2.08330401911,1.01232623733
1.07440715132,1.93937079588
2.13964354833,0.793379101532
0.795867495537,1.0550360722
1.37982139694,2.38506311773
1.27231002096,1.59748310922
1.86982242812,1.63823964971
2.37593416294,0.79281796117
1.25885964505,1.85731336278
1.76053267197,1.35202150223
1.49579857563,1.96824474342
0.924959056134,1.22468779082
1.80451296833,2.20700526928
0.853957690162,0.668287754685
1.19332012683,1.22306819034
1.6057060658,1.37422782584
2.52267128153,1.21209113242
1.16049559154,1.97743241548
1.41064204036,1.23871454305
0.565879783377,1.11684926989
1.88175184924,1.02931992824
2.02754581391,1.10679655118
2.06906170747,1.17023790263
1.12963472653,1.87448081624
1.16150839914,1.2466625171
2.21405928685,0.924855634141
2.02777736151,1.44136371234
1.4998831486,2.10476342407
0.939254120418,1.12471011025
2.30903430809,1.11214859169
2.50627690696,1.1222587729
1.0830852883,1.23239612454
0.649217299186,1.21769729963
1.78653876972,0.594856706268
1.87119822861,1.90424496225
0.601262945485,0.861870432659
1.25784047066,1.08924374282
1.62244433543,1.35419533236
2.21578845525,0.963476874541
1.24523317324,0.967769908824
0.896629085376,0.932973830279
2.00490437172,1.09061521409
1.21978706273,1.5531822688
0.760166193694,0.568355528092
1.48764087872,2.45316861078
1.58281814478,2.23592486301
2.0995969844,0.866359844287
1.09442927829,1.55961699329
1.97616763129,0.841995710675
1.26091754475,1.09519019546
0.626407628007,0.622919098377
1.68934628498,0.84669493181
1.84346591266,2.18657927183
2.07974136776,0.913374273993
1.13417397358,1.72745472908
1.48759200588,0.805166166582
1.58262121932,1.69234483213
0.707329057479,1.33912068111
2.23314220705,1.09157853855
2.30752499141,0.961405029993
1.26051437891,0.950911407348
0.735555048343,0.885186085903
1.58792719371,2.10440528248
1.13945467331,0.992666173544
2.68634432134,0.940862324583
1.78412655455,2.40328501948
0.749269362866,1.1083326994
0.972433293161,0.814226079819
2.11309088583,1.54227948947
1.46537810475,2.14139159481
1.19556800175,1.00105584894
0.627280154352,2.18044656936
0.678708777325,0.877410387472
1.48597686039,1.76378763017
2.26211616153,1.18994642768
1.61320801613,2.14121620105
2.26881336752,0.883380256918
1.5664887896,1.14895289892
1.32207947719,2.23879233512
2.12521938449,0.827486085469
0.784423499155,1.15098977356
1.80157049243,1.93704856284
1.19247895923,2.16033173885
1.6896288566,1.99106489882
1.5854898114,2.28676618118
2.15141660388,0.490938263493
1.43495767799,2.20410036287
1.97903424311,2.39603621196
0.791468649826,0.768597209175
1.08033325664,0.350233602779
1.18824253196,1.11408931415
0.761275962792,1.00642873157
1.43667351061,1.16511700956
2.01890472001,1.21772915861
1.28542827229,2.3588231753
1.4437458907,2.03430876894
2.19575812304,0.91634731184
0.852143528312,1.76407992352
1.507349053,1.96798615524
1.18940900506,0.893037492438
1.92833185262,0.9025470137
0.97909296609,1.07244060326
1.51789093366,1.54995035541
1.69562206561,2.14605506363
1.35476996756,1.92064862315
1.19314908607,1.36451694428
1.79724804761,1.66823151552
0.813038319819,1.09154952671
1.11623986297,2.08695811892
2.46497011677,0.603351024921
1.91586594004,0.900591955304
1.28734126268,1.92978813051
1.61426090182,1.54359925771
0.963570052826,1.02630690423
1.18985886775,2.06579361401
1.26228788979,1.39545175769
2.27745456863,0.947721448693
1.94168017113,1.44082394649
2.00041188007,0.78532264073
1.67864672938,2.09520688751
0.771101932667,0.607622757949
1.87434523633,0.511627428165
1.44772654181,1.67978040916
0.962793438276,0.916618553768
1.55802087016,2.16339957953
1.3706697317,1.82458273752
1.31600633806,1.13888026498
0.670263890505,0.680745035738
2.12399691185,1.06115118048
2.09493659166,0.834903028254
2.33875803539,0.606290664011
0.92503460967,0.684156827188
1.13038548312,0.569851767842
2.28594292809,1.19843467647
0.81304043824,1.47093808722
2.2170065137,1.12119453402
0.724056993448,0.58788619791
1.28610136396,0.845288611443
1.44204714702,1.84227337941
1.64509667535,0.703195569638
0.527295592224,0.968509524883
0.913447955464,0.934629334768
1.38413488307,1.69286100791
1.50461761635,1.65790262629
1.52671532523,2.65447470521
1.34484325082,2.41985761724
0.656878054728,1.23642163339
1.77905138953,1.00034956762
1.21599366563,1.28824287206
1.42825484456,2.24014533483
2.08944091333,0.96142182
1.68259400882,1.27909269999
1.74130463557,1.39540247552
1.54457369467,1.72333292737
1.52034981175,1.94236647294
1.91629909274,2.01197832157
2.73376067689,0.790707510142
0.822389813769,0.898432473524
1.10539914872,0.692167778636
0.522244346625,1.54621711066
2.01544797934,1.08371368771
2.09470313263,1.18249875328
1.66568355304,1.86665715783
0.943004549475,1.56864376788
2.10930218418,1.44478859351
0.922812250323,0.801276169563
2.03156662355,1.18403495329
2.03693529162,0.445441634501
1.27664322722,2.13142422309
2.24548349663,0.488464814075
1.0631628658,1.38896068839
1.93299695448,0.930897803819
2.01122000783,0.908228623157
1.69778391351,0.968016845594
0.886235123475,0.758067402491
1.54756582874,2.02543125957
1.58043204749,1.99919469126
0.988191993639,0.919671586131
1.06263598429,2.28170997879
1.31722679418,1.59149659543
1.78319737746,0.924570862034
1.56393684338,0.914105582712
1.02809301064,2.08484309413
1.66728053696,1.26445425636
1.63103914392,1.15148230159
1.83023759474,2.2342580764
0.762470253615,0.90881254873
0.847200647275,0.472315963406
1.76230266055,2.21569264621
1.86489066926,2.03599016872
0.73848977799,1.69295151081
2.06753710998,1.31577941644
2.23277829624,1.13663235115
1.30083998843,2.31582785498
1.53842376741,1.4145441416
1.70819498434,2.05890062266
1.43668570847,2.53922560649
2.32067340845,1.09701844376
0.995839843061,1.22999366237
1.39001023101,1.90584331946
1.72893700705,1.13357906586
1.13471223539,1.77261943193
0.821517632845,0.888763891988
0.483940525956,0.866167278869
1.99164028594,0.966912180377
0.759487731236,0.74829619619
1.33637492291,2.10236560886
1.37426960039,2.13747189545
1.82979226132,1.35455328059
0.897645694804,1.26266591145
1.09256149176,1.2657890126
1.25166678864,2.24592505217
1.8325178733,0.574389000146
0.798510771205,0.772361963205
0.790086703483,1.00918644933
1.29411719888,1.82248317539
1.31075032568,1.88429923206
1.2802875248,1.9060374198
1.48676223961,2.18596033382
1.87236890262,1.39932445057
2.16999126814,0.706512286089
1.97952649913,0.636733696332
1.63990114743,1.65876852761
1.48516193234,1.19166030992
1.93596281163,2.24752761528
1.31458639581,1.55827002081
1.31545805819,0.697619177658
1.0433852792,1.10588550549
0.9027138173,0.837244826479
1.98271187559,0.874885848974
1.76384800632,1.43856488054
1.48975275798,1.97641747697
2.14065190722,0.758565240069
1.1311478656,1.48604611935
0.840592625028,1.07557321938
0.891548491126,0.915355229839
1.74234705339,2.35673247063
1.53893796209,1.75985234272
1.52291650892,1.25369250432
0.835785715976,1.61311139734
0.69077266496,1.01460622219
1.63553129472,0.592777611112
1.79255732282,0.829678477977
1.60392831474,1.72284968613
2.18968940742,1.01450970906
1.32317152854,1.04830123662
0.861091346485,0.97905460485
0.993441530594,1.30217452387
2.48737624485,0.917824184631
1.12428170517,1.09342881166
0.731058773143,0.777927138442
1.70792374055,0.760018107172
0.912646689783,0.764718689266
2.75055983542,0.943773616081
1.69619043055,2.19506218321
1.14810421316,1.06892138083
2.24054917398,0.773304558709
1.69070735269,0.991337847963
1.21816346186,1.39987374173
0.80268392276,1.26411300299
1.26583782594,1.02451434759
2.04222909777,0.928468179867
0.785603385546,1.15562034994
1.24152688317,0.256426653967
2.14359420813,0.908630830596
1.54657920479,0.856908670198
0.542862332654,0.561025037194
1.88710727408,1.26583354666
1.5669443825,1.82979151504
1.91936020765,2.15827481671
1.82499233061,0.890690045684
2.29260654514,1.16773106739
1.85366656341,1.2920337265
1.77670736065,1.85610717392
1.1958265354,0.702857759515
1.86553222831,0.853489735852
2.25682203179,0.984027997055
0.644264200424,1.27143107828
1.15544710722,1.85806614785
0.890131080518,0.147079944656
1.88756388754,0.86882670749
1.79535539593,0.540323095933
1.39008116777,1.69417897642
1.7054065631,2.56332199368
1.87418813105,1.96638848581
2.02762688707,1.05521069546
2.05360624417,1.24654313577
1.67336337805,1.47519222091
1.04590000029,1.02696997966
1.69137554655,0.99312616138
0.636367717794,1.35730109688
2.21763754986,0.918508390284
2.37745001852,1.25415566344
2.31284548835,0.854707942761
0.719939702731,0.567464092902
0.776161728128,1.06742050273
0.850843218246,1.30540992564
1.58272569139,1.41891909835
1.02046378965,2.17162666309
0.85729738911,0.877339195549
2.15024702576,1.11331472757
1.21309056304,1.03406900462
2.15566955032,1.24989268845
1.77046211317,2.39832932971
1.34841931524,2.0256261451
2.1169990369,0.988794756902
2.0052617017,0.833742314622
1.21635455439,0.534752478488
1.73451341596,2.5490466275
1.8063667576,1.69361253315
1.44741742185,2.13634244538
1.75984326555,1.03792730569
1.86910191138,0.758501876077
1.8691165173,0.759157052221
1.83092492522,0.678124862288
1.7416094718,0.593625220507
1.40630595033,1.75372401275
1.5240360695,1.86170052202
1.41599813548,2.24514256288
2.21111761075,1.29828833779
2.04498513315,0.733259413212
0.71494827492,0.978200668337
1.64186732729,1.82577686791
1.21360058857,1.67780623881
1.72807221385,1.39936872102
0.568576835956,1.01771335838
1.70863221558,0.911631125452
1.91433327897,0.87722715175
1.95658997373,1.0184968733
2.03151610865,0.816447391744
0.868718027369,0.38359644006
1.46353751339,1.94696297993
0.742648235436,1.05397107774
2.01889783203,1.00457466355
1.8718606336,1.10410710282
1.10944474601,2.2227538745
2.40083897209,1.40941996782
0.857895071536,0.705473571286
1.08017623289,1.17047627365
1.85694066925,1.21692392934
1.01444098398,1.24283745607
1.38787323308,0.915132489041
2.06716278965,1.04450842876
1.48688434969,1.27843042957
0.787796159081,0.9859764536
1.80269566434,2.44025248891
1.64725954385,1.00801374117
2.04381335194,0.939423686077
1.386467712,2.1215029111
1.1467823109,2.14392117035
0.962563563293,1.30176826567
1.52963370021,1.75905727081
1.21488178884,1.8167203622
1.35422179466,1.05921916356
0.601862435941,1.55942770233
2.20150708775,0.930442594123
1.53808874086,1.7652728764
2.38990516584,1.29052398677
1.53543926443,2.2220419798
1.26345693208,1.11345714249
1.12669694594,1.02741092072
1.42147462119,1.66952003022
1.03974688573,0.910588043199
0.95583208164,2.14232377197
1.2929693153,1.89473120953
1.94921136944,2.0582594683
1.81521604257,1.05964480688
1.5772947503,0.922330410312
1.18775972609,0.801898404697
1.53132427113,1.81080311986
1.5672159402,2.02804463427
2.050964311,2.12535130041
2.37952395673,0.88851852395
1.54765544631,1.10922613035
1.78151476618,1.07591158301
2.00770271657,1.62496458907
1.21151079479,1.24287407518
1.29303262389,1.98355666586
1.63036497345,1.75579564862
1.16144542865,0.941676348438
1.19370938411,2.05762310505
0.889335884857,0.675362255408
2.06081029714,1.02189913071
1.84166061422,1.13328878736
1.75494273472,0.979301093441
1.73199870752,0.622441190646
1.28350609714,1.5828187577
2.12772285003,0.899877871049
1.22754873179,1.16443262623
1.5249413367,1.96383702491
1.52815797687,1.73261602787
1.35307225261,1.61212227655
2.49690439707,0.889917105469
2.03461593516,2.46588447484
1.79700019982,1.75916391464
2.39242655648,1.0443614771
1.28852271488,0.426749388344
1.69649934419,2.02051992096
0.815184230362,1.04922930692
1.78362387277,1.24697584782
1.68107770593,0.659967612771
1.39237655276,0.885093097776
1.20745143057,2.2211733837
0.66711940782,0.858091420796
0.606330383445,0.834783859157
2.02424329045,1.39739141286
1.37981730812,1.36657178213
1.62453878147,2.28626985028
1.81696143743,1.84292531912
1.96288195312,1.80419097653
0.932234447636,1.4251131277
1.42369083042,2.20650602376
0.435406144216,0.848952702655
1.74164480288,1.8348846172
0.84479330456,0.868221455717
1.80255235557,1.54985055787
2.05803580915,1.08616512091
2.35834736578,0.751929385029
1.10383100036,1.03977730545
0.711618120673,0.902015857915
1.12705893554,0.487672684919
1.87585903355,2.05539892668
1.65986595516,2.30024418124
1.79970080475,1.79839959924
2.15123444739,1.64133077975
1.58711484491,1.69805889457
1.94878660536,1.2509495591
1.72862976634,2.00066785542
2.19001014138,2.05427288634
1.51552270277,1.16484787391
0.276816942768,0.676893898177
0.777865791347,1.73749737189
0.656545935369,1.27088492201
0.900881704849,0.615013637843
1.33865229146,2.16089049684
2.49315451568,1.21114678582
1.71141391047,1.60897013348
1.98262512478,1.35256679629
1.55136002107,2.08061632102
1.98274134539,0.598834062818
1.72472690855,0.748469847999
1.51788554907,0.940033336264
2.15073228892,0.960115283097
2.25201518797,1.50462782434
1.30706643976,1.84653558751
0.982744607413,0.969954522638
1.80863911808,1.80481953974
1.61152290414,1.64838303311
1.63069018212,2.04510977023
0.987202891015,1.06174214361
1.72261213942,0.719252795536
1.24033838014,2.24873488136
1.01281238484,0.947588521993
1.20963178372,1.68838634944
1.76614604675,0.734912684932
0.996064069189,1.69068675878
0.808476948634,1.46467422293
1.1925325711,2.14343468351
1.97525701468,1.8413511531
1.24178550435,0.774668952621
1.10066123188,0.959521291259
1.62455896269,1.9989464112
1.91907854093,0.440380946837
0.368442015767,0.713698083782
0.948184972117,0.773858423467
0.865696372078,1.17370032354
0.704704030084,1.22966939445
1.77219312081,0.853940377208
1.26220480323,0.990173350476
0.732335399862,0.903125102804
1.358029743,1.4369809648
1.50621954606,2.15216696308
1.61589582763,1.94420158462
1.88858461239,1.21912208664
1.10045744808,1.73888033563
2.20449850131,1.3092819726
1.32265283814,1.30229320577
0.802622021298,1.19039295639
1.06267619773,1.092294435
1.72341569504,1.75167371092
0.869283247105,0.603266288325
2.22657048312,0.664533993547
1.66816945649,1.99628992498
1.08633274887,0.614136629222
1.44261104552,1.9512780855
0.912765291004,1.01572629582
1.26219159219,0.852820633931
1.43137710844,1.78197086766
1.92665593533,1.98396126406
2.03684071101,0.60644318673
1.32609684464,2.48568020898
1.28472223529,1.67265319075
1.61554808573,0.701032236915
0.619261396859,0.988407772764
1.66154168717,2.22913904463
1.61746675036,2.25884152615
1.23385497528,1.87008100147
1.45040153267,1.75059582874
1.07990805473,1.77081884063
2.20486449957,0.98166325496
1.81997328506,1.04203226356
1.85936741015,2.16742501759
1.07837888773,0.9725178909
1.71670325645,1.02379107837
1.96409224727,0.923903961383
0.840980688087,1.71855955933
1.01113468568,0.561241480959
2.1169841633,0.652739425806
2.60792618581,1.18538080092
1.48463130827,2.14631612856
2.17430535929,0.823266256311
1.10619129657,1.95104945595
1.6435174248,1.89944735338
1.72927502433,2.03933885408
1.71851267574,1.02839400107
2.11832250424,1.15329456019
1.38513876602,2.38701092875
1.31528085078,2.13272220284
1.75220269342,2.24958194978
1.49393465687,1.11204401834
1.44733487335,1.70999063667
1.55583118039,2.54481318957
0.700189265977,1.29524648354
1.09878864982,0.957223161407
1.75912651345,1.0919243626
1.94854839553,1.2308931015
1.49371970058,1.11517358801
2.44208225444,0.777259845985
2.05875785382,0.652625112124
1.29652063272,1.9391943276
2.24785251154,1.41265414824
1.57412685217,1.53468245718
1.5174960898,1.5033110284
2.88787293652,1.05305989851
1.16943362354,1.25075567595
0.996879228684,1.00321969196
1.51291781651,1.73165514554
1.24432596948,1.95003209183
1.86287699374,0.921796932602
1.88763661456,0.911336517385
1.36521006527,2.39117828437
1.06317042325,1.12591938806
0.943188884585,0.969232821793
1.8913168261,0.983220159252
0.739556179293,0.949995054216
2.00412957349,1.66537094343
1.65541342387,2.18365883518
2.04644178634,1.37215955917
1.87947066467,1.32182622734
1.24803178651,2.13498257043
1.98311949058,1.07786269343
1.41834214048,0.942555686146
0.969048615975,1.28564835928
1.11837653478,1.77830817562
1.13701909128,1.97395323956
1.10948970035,2.10448892111
1.55067321164,1.40844012991
1.6970039553,2.26016064138
1.34296375797,1.01815970978
2.12174622816,1.15122644895
1.9439010256,0.520067087506
2.24821763102,0.923803108315
0.995234284119,1.10616248596
0.73708515965,1.2847658776
2.05311673138,1.47671964263
0.963065580862,1.11333330737
1.49623358858,2.22833215139
2.13056121219,1.48015285043
2.04523659483,1.43775332861
1.61496850157,2.13467155801
1.49679390769,0.775369111915
1.8364538069,1.09382957365
1.74816209449,1.9845274812
1.8728574985,1.02406655256
1.6139964927,1.82400387753
1.38373520917,1.81137403203
1.83127347605,2.20129120635
1.13052659929,0.896332116603
1.01385859486,1.13827429736
2.23110422498,0.916469512681
1.79729996286,0.686504094569
1.93543192898,2.17173134337
0.901039110348,0.547387227178
2.17456701064,1.2493880708
1.74917158708,1.15353187654
0.658977216754,0.914610181401
1.62772581118,1.73543634473
2.1219529246,0.832217202311
1.40464319022,1.63509837685
0.780863836368,0.969090996272
2.00521566379,1.29521099297
1.22017182939,0.869402652914
1.46399548591,2.12751759746
1.07226305451,2.26004773895
1.32493114168,1.79378247198
1.01263752432,1.65509494569
1.4766792492,2.44880181623
1.56241362949,1.39594021542
1.97110042959,0.705610688375
1.56877259981,1.99076098553
0.745956457973,1.01454471082
1.04382183063,1.06501069014
1.15949855739,2.03938813293
1.89635403394,0.731408490061
2.5101362274,0.978817868235
0.761515824769,1.51036260804
0.94444830889,1.02637384409
1.39843537902,1.11090424379
2.07078498152,0.885755881469
0.453494851585,0.815230315676
0.872934868505,1.11291407125
1.06146267562,1.11005762151
1.66403822563,2.31818866171
1.63590288698,0.774921886871
1.39428686266,2.23929996404
1.09489315506,1.56589219722
1.37177915487,0.971641183859
1.68536150261,1.90455516504
2.08935315202,1.08603413854
2.69676365201,1.47487146924
1.65706116855,0.641834890032
1.05977441369,0.661599376955
1.35367800837,1.91400311836
1.03302162999,2.16465056965
0.989000810896,0.672933820632
1.21160728089,0.849042861709
1.09849843099,1.10618594939
0.631545925057,0.870756310652
1.47737274838,1.80291946992
0.833032069234,0.985281157045
1.66295414618,1.11677218083
0.913476368667,0.530718934228
2.1415083428,1.10058976382
2.43715828771,0.736724333932
1.36007552198,0.5780404485
1.02088419383,0.698412260567
1.06779302908,0.751158327941
1.49139612305,0.962763241753
1.77690291423,1.43345870439
0.626980736714,0.44878508686
1.11088187955,0.693942777555
2.00710796923,1.17090969401
0.934528776092,1.72442147936
2.10761055346,1.28271931935
0.985310512892,2.18285043935
1.86469012811,1.00071993108
1.37300513175,1.72234405965
0.89229928152,0.875725893917
1.40795624603,2.18591022115
0.975939385248,1.05440202265
0.937670409334,0.744337818948
2.19260678953,1.01396003465
1.72643888458,0.886870957722
0.834407253014,1.31483737166
1.0546195152,0.501162400402
2.60188086976,0.974731722094
1.90206098957,1.56657214594
1.78210861399,1.48629698795
1.78093724927,1.1750332238
0.671525446568,1.54421393198
2.15515572193,0.812364748636
1.8519722155,0.969758925701
1.0464883217,2.16033556482
1.36361439912,2.25171087048
1.42807648475,2.08217199134
1.63240209113,1.39616475806
0.634172481514,1.46427659029
2.35487526335,1.13985950537
0.816190171008,0.206324738523
1.41569345977,2.15035661605
1.36745894086,1.94300021199
1.78340712265,2.38757228288
2.2951698145,1.26623343516
1.81882501261,1.04794819264
2.00777339686,0.880848180424
1.31753626146,2.14134832778
0.983595765683,0.9110879337
1.66039701146,1.07945547523
1.77729038698,2.45540081748
0.817325596932,0.890533054947
1.55439459487,1.0009022206
1.41993143758,2.41913507819
1.56747908497,1.72775098295
1.80971394809,0.841990985289
1.71118491111,0.599602447568
1.59122389182,2.03493546589
1.45595451928,2.07734715857
0.888154271806,1.1036156486
1.88765428122,0.775976906696
0.850124353931,1.00711345835
1.96628614117,0.58579152561
0.706405169781,0.60239497759
1.25485009427,1.08882110025
0.868390792844,0.939315188239
1.95246767771,0.962442820825
1.29661756699,1.95171159293
1.58573695097,2.10183540996
1.59138502512,2.41527601583
1.48766742873,2.54867736146
1.48596991154,2.12085747879
1.01036160213,1.21501267417
1.7650437672,1.27723398749
0.556777248746,1.17090622615
0.980892350509,1.47973596206
2.16782342431,0.928231269767
1.42495726065,1.86094970128
2.06696076258,1.3914109531
1.08765895646,0.760853192996
1.65422081195,2.16671848389
1.7110823914,1.7513073009
1.21466569086,1.09976198889
1.41845567246,0.420404192996
0.877026933895,1.05077476018
2.00384957645,0.483483674184
1.71028708517,1.74824837724
1.11643933945,2.21824894875
0.748727740467,1.3674917028
1.90460614371,0.646311584616
1.20159544444,0.691186260372
1.6507623601,2.1353357185
1.0024158117,1.14756117837
1.1335315433,1.04156588279
0.805520999275,0.958102328708
1.72032233709,0.792761698593
1.95457883468,1.21544044989
2.059524373,1.43316881916
1.63260650619,0.988167997535
1.59587965836,1.93744068859
0.902570680342,0.621051119719
1.00856851081,0.980500358035
0.582447874042,1.12302967635
1.23816438136,2.10691072269
1.76698791044,1.04825495898
0.775120411544,0.869985446398
1.15792238982,0.640325356562
1.63913008055,1.81378834692
1.33458799719,2.27215168228
1.90901821167,0.800834219272
1.43432935023,1.75826043722
1.49688202434,2.37634082491
1.48316139206,1.75747273628
0.548108602684,0.94043272154
2.07532674049,1.14697700182
2.11224799015,0.997295973771
0.932425418393,0.754106704013
0.336515666537,1.24193464414
1.00589736598,1.02784724797
0.524530370559,1.10843853311
1.27404663555,1.62745009578
1.10496947225,2.04617556419
1.45874097392,2.29674576258
2.649823955,1.0327854442
0.922598803396,0.927318445086
0.821963098054,1.18940132259
1.73199573248,1.28391220315
2.03598431518,1.5335322985
1.84139684095,0.913846442337
2.40762622651,1.01553782312
1.26602475691,0.957619981677
1.23004399937,1.00148194096
1.09933215407,1.17272823523
0.918285538431,0.786782180693
1.28810193793,0.979759637883
2.7073831073,1.4955779887
2.39327274418,1.04100341573
1.95546187744,1.94079727856
1.89823742157,1.21813434164
2.40133870081,1.11715144317
0.873635149611,1.07439263299
1.10243766062,1.36339107475
1.48217478314,1.55761945169
2.00748674715,1.051366071
2.00213289953,1.24832211224
1.62921128568,1.98698527631
1.64000467484,1.59909662214
2.06909448671,1.42726811705
1.26389107338,0.925073471054
2.45038620367,0.842757950111
0.870193127099,1.13481481266
0.98390853483,0.890459225391
2.39279652723,1.09403652199
1.23737467333,2.07664424587
1.7499582828,1.86739086405
2.25799435139,1.1290280536
0.967862909064,1.08645034771
1.25067287641,1.38498993859
2.21525578043,0.882028275549
0.959797736719,0.893032874294
1.65395992284,2.00025197947
2.60287354192,1.13112537415
0.898526826095,1.71071386292
2.13451885891,0.728907902106
1.33078600836,0.823066947759
0.735576822569,1.06666888139
1.80033809323,1.68120099631
1.4379591685,2.11879073307
0.594970284122,1.22408342582
0.858499671166,0.771578368242
1.72772719098,1.3769419005
0.638000065277,1.07477424342
0.738819068378,1.34812942765
1.14651746495,0.951967027258
1.17923682731,0.547252307593
2.1800552727,1.16470298015
1.66860577708,2.24451645352
2.11281323007,1.938463564
1.22415814496,1.02191284905
1.1588412778,0.937650971856
1.61494834579,1.14027782501
0.942066970674,1.24645009538
2.21676497075,0.783151488744
1.78896274947,1.03855315125
1.75223037398,1.57834482156
1.28963476821,0.721060460696
1.20921273358,0.667095412543
1.04967931983,0.887501337862
2.0836398248,1.25498078822
2.32014694769,2.06240033047
1.72745340502,2.15295612274
1.42813796207,1.98922653569
2.35553413009,0.801240828999
1.26023520844,2.35276509282
2.28037268486,1.16721950123
1.15018521584,1.80126017197
1.66668408615,2.32596249454
0.758856808185,1.53481818687
1.22953291952,1.79719283062
1.10792826172,2.04891042601
0.831815883856,1.43462809041
0.508350636637,1.12626164931
0.994337846471,1.99458961825
1.16198601936,1.09790324796
1.71878964058,0.720506316095
1.9906706008,0.571375020728
1.95481540984,1.50244566546
2.06035485506,1.15904206058
1.67738949269,1.82953176712
2.07065280079,0.890576561097
1.77172281488,1.50433991743
0.850902822621,1.18061547657
1.38387692176,0.857243892201
1.6599107502,1.84776567169
0.579328960573,0.502253252675
1.68195229771,2.12174086553
2.023131089,0.769970335235
1.68202366402,2.50986299675
1.55680669244,2.34907463945
1.44461951353,1.76542264737
1.38908550463,2.63119943567
0.815605169295,0.856014489537
1.27388486837,1.79219739474
0.811186855016,1.00891255632
2.00875491317,0.974208607886
1.98309850157,0.800908632898
1.68021675713,2.19289106665
1.23565675394,0.930151597555
1.09240983206,1.62326441289
2.42866105829,1.02588536593
1.54034981583,2.06536826231
2.12516676393,1.02960159873
1.52291623724,0.726362193635
1.58960894099,2.58216946614
0.926739275201,0.948971460539
1.86517988972,2.02934725026
1.7732905071,1.5640584989
1.84756378169,1.95634856399
1.47251486086,1.75174800718
1.66540369452,0.859885293155
0.707036676425,1.69664053513
1.79496312962,1.84224585433
0.872450899015,1.00489416453
2.07960806532,1.11631217533
0.684488773548,0.795410229198
1.26588881374,2.17981906413
1.11086131471,1.45297000247
2.26717308265,1.15236053066
2.01264643966,1.52061697348
1.53919677087,1.90366722392
1.2280655503,1.01649916497
0.892233653429,1.02641844501
2.04649308343,2.34718335395
1.46851574831,2.2514019685
2.04459013114,0.451606292562
1.69038432171,1.39433265845
2.01946893864,2.39638374333
1.74249780678,1.74002200188
1.20246813825,1.00689139507
0.994529527183,2.2325080815
2.01920778369,0.923762691679
1.90701136234,0.79799923724
1.61775439438,1.54518761999
1.08350668878,1.37138805107
1.12807636974,0.729908636155
2.25866303689,0.962880955897
1.0466685787,1.17780880233
1.42373186312,1.15487697798
1.31748197942,1.31217887666
1.37130459616,2.00100329767
2.01067304005,0.837902920816
1.71830967978,0.769966048831
1.85104173336,0.732247641719
1.19321205589,1.69398895023
2.06279062187,0.529967258408
1.90362499219,0.929241011828
2.055391887,1.02737022468
1.05149913842,0.892062867095
1.89888832227,1.17050945566
1.49671237478,0.702238777317
1.54113395401,0.794672413877
2.00370713495,0.965855420272
1.77865355389,0.745955965973
1.58753750964,1.94583011282
1.14589816541,0.838779368452
0.413511140062,1.03464213599
1.81708028346,1.02198392705
0.616187204888,1.24238281839
1.53627526575,1.60632921728
1.52860993154,2.1413985221
0.855094668097,0.72592763938
1.09978259121,1.19784048709
1.05543084118,1.30294186117
1.09071326418,1.56633708164
1.70725312402,0.696240303351
0.7104120043,1.19084646512
1.58502381259,2.28950795631
2.14957632784,1.08900782723
0.79683273403,0.612658092489
1.24330977633,1.07752413364
1.2823761482,1.91599899846
1.24204213568,0.792193794286
0.590714847287,0.808636865299
1.11023554336,2.16581759086
0.765450148266,0.834468730946
1.65736366966,1.71778525508
1.47013866987,0.950212319763
2.03970585896,1.51336190131
2.15863268843,1.04096524488
1.55805353289,2.21256386903
1.01677051127,0.940493547464
2.04128163246,0.726309834371
1.53942698253,2.13257671327
1.44597581124,0.927599663131
1.12763027883,1.90046146311
1.76490291479,0.616891373305
2.00313718632,1.94278509767
2.02946499838,0.974335365732
2.1897159694,1.36601147662
1.07852367749,0.72192538894
1.8076028615,1.96442119441
1.06815931778,2.24140145593
1.66334304191,2.25944933513
0.786039701306,0.597418387336
0.847998786715,1.11649401295
2.42525261435,0.672075070794
1.26026143121,1.16302288559
1.22969010323,1.38078559167
0.285162851566,1.18301320672
2.35295927661,0.971889819048
1.01081655452,0.53611977135
2.36642725066,0.992776403689
1.92098515453,0.675703108148
1.6446220844,2.11460259906
1.82059679723,0.682392753758
1.09096349242,1.27919303462
1.92406194483,0.631191059134
1.1071650804,0.990412161451
0.255431773361,1.16976946682
1.13963327697,1.29343220367
2.24332177599,1.05157075412
0.903050154659,0.7775018301
1.2402186988,1.31950852266
0.946617021797,0.889442136071
1.57246331886,2.29126690999
1.40607059543,0.485122950948
2.3521683809,0.415742205762
1.34456462326,1.95170495121
1.35392497301,2.21773003878
1.4769437789,1.86570555578
1.56315187081,0.987513280592
1.21651199723,2.35015955311
1.52613627751,1.20421697696
1.46781070544,2.13883818731
1.247419848,2.08987985053
1.69921610964,0.371309938456
2.01893758442,0.870353908849
1.95834547737,1.02688117739
1.46011459674,1.63354621601
1.82484403017,1.27779831199
1.42559856101,1.48148500608
1.1633069137,2.11650789764
1.02827589152,1.86016330691
1.6883382812,2.0727530986
2.24671670719,1.28923697447
1.07686458016,0.750543776761
2.14651328683,0.849476656804
1.21908558807,2.04889628179
1.22925929523,1.51511522299
2.24386929901,0.75416822737
1.64927386438,0.835830392941
1.01426719756,0.497615803983
2.23659876884,0.810833728264
0.775045294031,0.80692606223
1.3328632087,1.93757142877
1.76596030111,0.736213795116
1.97227767284,0.705816925756
1.95143010882,0.857191728868
0.810152781162,1.36339682138
1.53403156415,0.964560587141
2.21054504455,1.1576371212
1.29358815252,1.8100676454
1.99718418788,1.34664194207
0.773851201872,2.02723024555
1.77505155546,2.29048454308
2.14361671711,0.288453133847
1.2841803958,1.86536330456
2.05742425506,1.325229465
0.818789199083,1.13222920202
0.819786847207,0.377447117377
0.811711074623,0.899325114769
0.774424577889,0.68687266119
1.3457761608,2.22177161956
1.47444523448,1.88756021086
0.807556269596,0.967107127003
1.54882445364,1.38576866153
1.84614040703,0.692400196285
1.798416651,0.749799167352
2.22457448685,0.482971045134
1.29139349929,2.28343294282
1.52865403711,1.93725413722
1.46679574541,2.13674376532
2.53341781936,0.995862378495
1.59053982881,1.61657048527
0.982243396363,2.39478659875
0.955853235474,1.63188257924
1.62540350595,1.78838978708
0.805028536919,0.918688811775
1.39411014687,2.23880894724
0.539969717811,0.886299897047
2.32153816259,0.744961894261
1.39311417557,1.95721755025
0.995609008751,1.04505988712
1.33264834186,1.08874393134
2.06228968592,0.975254853504
1.13824769766,0.96749089707
0.964135802692,1.36006015434
1.90033358195,1.71126485381
0.886336316387,1.20282318136
1.78847043662,0.663663574675
0.675940527427,0.912558169685
1.96004744062,0.656261802285
1.69027900241,1.88133929041
1.58525113058,0.643683722191
1.78818181191,1.08442393607
1.21645152534,1.71235687442
1.91834024382,0.51251361366
1.53650366927,1.04302044903
1.48404586461,1.88906807547
1.05148453342,1.98938602287
1.05580405513,0.985831008531
0.83275150069,0.933381915674
2.16915828732,0.54371659123
0.457841654363,1.0528580071
2.02937400622,1.03749561833
0.512140264613,0.635092028849
1.59500210208,0.873341922841
1.75383502393,0.935291549874
1.4736625139,2.11131826037
0.8241354833,0.865312406831
1.36935832536,0.752922730806
2.44807498925,0.947126261539
1.70360896361,1.98910651413
0.67626891909,1.21873546848
1.71990750229,1.46871599796
1.86819210051,1.07638298907
1.19200817388,1.88678137851
2.1591684973,0.906812705841
1.7721375447,0.594247068994
2.44457322665,0.819887871499
2.08008350755,1.27399884328
0.964152052159,2.18579724145
1.76280383815,1.71460967814
2.25569653879,1.61916521331
0.902584598189,1.04377771135
1.91578051459,0.815029593686
2.29652763124,0.713681970447
2.29094700331,1.13414666275
1.08880497536,1.14561137208
1.8792930255,1.16037038272
1.84789829559,1.66001916122
0.993188685168,0.793351345422
0.974693037962,1.38292722715
2.15660371479,0.702165234513
2.44374974766,1.18143098148
0.876541662958,0.921500461348
1.3605007468,1.87920398449
1.75457277869,2.02260156932
1.88456390871,0.887031428642
0.860275341362,1.00597834268
1.00342495542,1.43939269207
1.80314823899,1.95811493953
2.46739022579,1.0845569789
1.31903219167,0.654248770301
0.737393535278,1.12127022688
1.36284809872,2.18446459967
0.817357792018,0.854066992556
0.989984939879,1.66660869834
0.745546291131,0.881191066126
1.98900496251,0.734298812962
0.992108976065,1.11993292375
