3.5136915664,0.76236549383
2.24783771253,2.98267303249
3.13787547145,1.08401735801
1.14112994345,1.09343412147
1.13445858533,1.50885447185
1.1842238111,1.27666200147
1.95570877565,3.33954358705
1.01995516671,1.09074156932
1.56494520912,0.595672281657
2.14898455955,3.30363995695
2.8559252895,1.28083226503
2.84133904393,1.0521135559
0.778131101083,1.46290437862
1.94492277096,3.09755961441
3.29062331793,0.780892871333
1.02931749031,1.17488610393
1.18756943531,0.519382703318
1.79269405605,2.33834839349
2.0733831084,2.76602302532
3.09915982297,0.956417662839
1.18357815782,0.597550982325
0.890591936682,1.04701115658
0.969034344462,1.12317955058
0.290747854858,1.00610025451
1.0826802022,1.43051481604
1.94346527536,2.64724950362
0.469438464797,1.10664453782
2.33105113002,2.82742320156
1.89702948366,3.02123222277
1.72000512793,2.98965748617
1.32055281979,0.863984258845
1.98662018218,3.07803987148
1.60384239595,3.1497252827
3.01167261176,1.18796927522
2.65619987205,1.0141198284
1.5106341477,2.90955830554
1.13230987218,1.05363785972
3.06820378504,1.48427486418
1.72381208809,3.27658044127
1.08528390124,1.5228006342
2.93791658683,0.796571361764
1.17696394622,0.890842357009
0.802622172239,1.29066479157
2.91695310157,1.33717159168
3.23125108812,1.07295046462
2.66491513388,0.989410978119
0.733664275711,0.405761059533
1.86562554848,2.9403854815
3.06448967719,1.0291657696
0.969490817634,1.00578381535
0.792385045665,1.46091311627
1.39750421587,1.06159976913
1.72776020557,2.94227873766
1.90017237063,2.93879763826
3.00992692534,0.743751621756
2.99144133905,0.902580920475
3.06841599754,1.06044398401
1.3035527299,0.802614686572
2.07568123418,3.68568035446
0.865550391196,0.805198621681
2.12993561883,2.93694335586
2.04162357539,2.61770418968
2.14885382369,3.17308676802
2.15933916048,0.643472673525
1.39793849271,0.710618072738
2.11584991313,3.03026011898
2.50847291228,0.467083415096
0.793648716691,0.635776779072
1.84888716879,2.82389511345
1.07187482796,0.889059650109
1.87427540216,3.11913187093
1.11026346881,1.05709346728
2.8798953555,0.55830312146
3.10445077057,1.1989774269
3.24535854936,1.07146005761
2.9020317067,0.997537035319
2.56602663299,0.525194307459
1.21872716865,1.03869487323
2.76002591306,0.933977266054
3.0752994348,1.31642737755
2.34336606059,2.99436988334
2.19501259192,2.89074905733
1.85744746825,3.38188612468
3.24736716587,1.15935350996
2.82323130405,0.865460498139
1.10934437477,1.44139658684
1.15217168533,0.965131089884
3.29509085874,0.974315513731
1.90362231888,2.85343013377
2.89749657072,1.00728727424
3.28816716734,1.06775214358
2.56442834117,1.11466083634
2.30666310638,2.8747711631
2.24403567353,3.14198717847
3.01232466784,1.17803977588
1.65680579012,2.78412784322
0.888788799034,0.716315261333
0.708668628867,1.09444516135
3.26199355082,1.35992085292
0.519449185308,0.733845717446
1.12787761923,1.20307241051
1.03454436194,0.886255731136
2.9531928327,1.31472795638
1.50415890732,3.31977804562
1.94791752928,3.26947218672
2.73108908323,0.411180397258
1.20746162532,1.2084247431
2.98549661287,0.817569622914
3.04640065009,1.31247051665
0.959215089797,1.34106740878
1.73745357533,2.8219439048
0.820403818923,0.665230904212
2.23816410869,2.79023541627
3.49455120308,0.534995743193
2.23009713517,2.69219782451
1.08135105539,0.759550934382
2.51210341865,0.959553264672
2.55513499273,0.607176356101
2.98927717994,1.1008047228
2.04565309268,2.88776210392
0.890483435036,0.462601735588
0.690207069432,0.868975498763
3.13991387231,0.971682248077
0.934137691501,0.674789013798
1.11971390369,0.168222173072
1.55887947946,3.30312826594
3.27796749029,1.16742456419
1.7376012434,2.79467953316
2.45349180497,3.51194047418
1.23153716536,1.24705124619
1.53712356585,2.87947087736
3.13719289402,1.28870252344
0.879046915908,1.36673352111
3.19979014382,0.239633661375
3.0826999648,0.787484484299
1.84839778343,2.39451543949
3.33518503971,0.530828609548
2.70199158737,1.61262164495
3.31202587352,1.04939314286
2.15053992614,2.983170158
0.495634535352,0.733308592571
1.97904305052,3.07503417206
0.96685317848,0.501790056439
2.68275790566,0.833204490436
1.06248249342,1.29299171095
3.05781869895,1.20893160202
1.91552737076,2.82318398941
3.29003040335,1.15242037282
1.69342600267,2.65486866905
3.5057376908,0.50558613809
1.73479558108,3.37024321073
3.00567663116,0.975389754056
1.00310479437,1.2160101278
0.595622373211,0.771527983523
3.16278323505,1.21478166803
0.452723003219,1.09108117134
3.13823829831,0.879704152631
1.25704918357,0.80469232201
2.53260044154,0.84788956907
1.87704363847,2.86399877036
2.59057253098,0.993439027363
2.98646600889,1.02373651718
1.73340641507,2.95925704721
2.43495425761,2.73556588006
3.30257918606,1.15827921483
1.54012368397,2.48640895077
0.566517940278,0.636837101763
3.39454129972,0.902962758255
0.968696952552,0.703599417252
2.52525165661,1.67308056837
2.59222998447,3.14334256878
1.28820801954,1.39871885396
2.42595919166,2.71046801758
3.36641548784,0.942147451437
0.756056115387,0.4821152193
1.12070249235,0.794556972718
1.45983376431,1.44080763097
2.69555222768,0.819300443925
1.89725234292,2.70017099503
0.738760855245,0.826345100571
3.18244692828,1.33448869688
2.89293854159,1.16369719704
3.03017436262,1.16174838223
3.05796406597,1.38920262673
1.91356056418,3.21353558043
0.90673414849,1.02922004988
0.87260100927,0.751010620739
1.1587135715,1.12678858651
1.9680041979,2.85203568387
2.87475679503,0.670751003569
3.17907194437,0.703813991963
0.964550786461,0.795946538801
1.2829138262,0.178096849843
2.03469952221,2.83579332771
1.1389390988,1.08372872932
3.21972720293,0.887433279772
1.04321307135,1.43628205209
1.32441281034,0.810587203465
2.36686323412,2.37404699134
1.44647565814,1.56876675281
2.11277822773,2.72592164701
3.42659266779,1.13690900904
2.95102351535,0.974063415187
0.933256896927,0.742324027658
2.94953573317,1.11337303052
1.23197589322,0.644835807942
2.16679225637,1.34552019243
0.850590264792,1.57885961615
0.875914305772,0.775763556568
2.16843497287,2.62212114936
2.04598654074,3.20823861244
3.14809322626,1.14610459779
1.83911895677,3.36295116666
1.88196526364,3.00081526197
2.21139281622,3.04667722049
1.76591603948,3.43621072465
2.5171088827,3.21390486891
0.726153332367,1.33510488643
1.05500175978,1.50128290984
3.21123330664,0.551296145123
2.07386682838,2.7246047082
1.07044645778,1.63964602317
2.58587077431,0.8392256315
1.06821783254,0.694978405417
1.90917619493,3.29690383258
0.849154989807,1.72373610386
1.91630551841,3.15895013504
0.39873528535,1.11306295626
0.655716716547,0.892565777356
1.73077714891,3.40087052724
3.00655720747,1.01276172221
1.40935955443,0.793165244635
1.76473358524,3.21938808625
0.51094049591,1.13883467666
3.59002919158,0.941129810517
1.74527813819,3.48885001297
2.39868822427,3.06537101614
0.869453934484,1.55477911854
2.50523490767,1.41956862764
2.20148497161,2.70774976949
1.62630256014,2.64864289937
1.90069681898,3.13508664919
0.932722319725,0.909325080863
3.29559525268,1.2300759009
1.48582538313,3.12152408196
0.616093248039,0.824370638717
1.49444047966,1.04926832665
0.720177726762,0.621079495269
1.82099874334,3.17011746376
3.00305565561,1.6594889016
0.771365646423,0.733665959009
3.26381698257,1.19062735797
1.1219246481,0.942046989535
3.05785918667,0.652894815755
0.390794659666,1.61934785841
1.28417559033,0.953496972073
1.99822177825,3.40981802052
0.883938745945,0.84691217811
1.9608138812,3.42020671033
3.02625944128,1.2816240627
2.20086870215,3.30132575768
3.12422740614,0.847829661432
3.11672819066,1.35131231939
2.85126135164,1.36497331412
2.1167006422,2.89816370356
2.3877938063,3.45446468817
1.57930084013,2.90787945395
3.05969684832,1.59661957558
1.84251817313,3.08232509858
0.891520215766,1.31937554084
3.38884496026,1.18493779379
2.99526623486,0.852480967596
3.397307625,0.948339762191
1.71795302244,2.8810428783
3.12923134048,0.95503252248
2.37560059483,2.65659221063
3.12199712624,1.3605093567
2.18869987624,3.09421015309
2.34632054394,0.811104871918
2.57316152741,1.57669742663
2.58836809681,2.9783283724
2.55713068093,3.12440227998
0.650455047765,1.27024794609
2.08239416108,2.81891386919
3.41716019012,0.507595417353
2.70693138398,0.823126023236
2.51421544093,2.76961542248
3.25515920506,0.74826274282
0.416289075051,0.726164951759
3.18081229693,0.821605069084
2.20081774142,3.2215821087
3.48947922826,1.11332775092
1.42335161917,1.23574114805
2.85920677912,1.26270870363
1.33008530147,1.3894065917
1.36908720422,1.36071395464
1.03807362781,1.12059680903
1.80444305002,2.46757655544
0.646252620809,1.3904284215
2.73934123594,1.19691722526
0.658059263372,1.23548725637
2.21265787261,3.1268455724
3.28025392455,0.582548419179
1.3289040537,0.929735259597
1.35363387135,0.946022549256
2.21946547456,3.09589493494
2.36548319544,1.42160963162
2.87138938032,0.808647833058
2.51806809317,0.588083939187
0.69795047431,1.50447301488
2.89839534437,1.61042876321
3.12078765934,0.467233600011
1.96682284916,2.87027040643
3.30469958446,1.21031240235
1.00315000622,1.53576114817
0.724598569054,1.07574898812
3.06200715351,1.15931275209
3.01143821523,1.15381525704
2.24292221924,3.32397936514
2.96850608969,1.41022449474
2.75738474041,0.66876280426
1.49116061995,3.21905505934
1.19991492461,0.861784063783
1.68931828058,3.04250014946
0.887455865002,0.632141142465
2.14183689681,2.84187251693
2.09983946522,3.30412516425
3.00916397431,0.988934940746
2.03144834085,2.70202283477
2.12286553347,2.7601219501
0.51027300938,0.979859753616
2.24662290704,2.93603542894
0.979817317323,0.604481239107
1.32345919111,0.232244600097
1.65066546384,2.61644584784
2.19031600196,3.48878273099
2.2351233481,3.57040201555
1.77689834759,2.95229632453
2.49464482337,1.24196913037
1.63503730645,0.516736478965
2.95201806367,0.750412752035
2.35257943081,1.39556530543
1.16299356742,1.1317128873
0.715753421528,1.07333303679
2.15326244657,3.39424633014
0.960683796538,1.33992396387
1.32090190969,3.11250597595
1.62009719691,2.98155157071
1.54316957285,3.16708923617
3.24539328218,0.916325717469
3.4854162807,0.752677263602
1.64202264996,3.10507977587
0.846758458729,0.645810344763
2.65742957424,0.606708888868
1.19299433952,0.52881297741
2.07160447128,2.96513326814
2.03199568835,3.45570098398
1.44680678862,1.15639112448
2.98520277896,1.07171008037
1.15716730715,1.02652662611
2.35303608872,2.91222173785
0.762314001458,0.840518227597
2.52465793105,1.25333629198
1.86993370018,3.01139880404
3.02585305271,1.65726940397
1.95377828047,3.35808350422
2.56885466859,2.76006415848
0.983160093865,0.999584487179
2.89986271189,0.993961268837
3.06457214029,0.698090343496
0.313413987996,1.07544532451
3.12627548525,1.07398065588
1.81130578772,3.32102175362
1.94682601514,2.88613376381
1.44275501852,3.11477944102
1.66202317224,2.71385867392
2.0259357572,3.07431191354
0.755990722239,0.560072701659
2.81621227834,0.753151502712
1.64077169131,3.44591977604
2.57078545951,2.76730076762
2.01319865343,2.90476133485
0.328118782401,1.12044971653
0.983394235593,0.920818795422
1.08673615158,1.12386124613
1.32989787877,1.19657911922
3.44547767961,0.362832994586
1.20813194581,0.952127968556
0.763399223647,1.32839151241
1.68242843072,2.84729824842
2.17123655881,3.46283890149
3.08925430619,1.01320668285
1.54400766212,2.93504013845
3.14961808749,0.778620465928
0.781286602362,1.05896722022
1.87123721101,3.41256762613
1.29176073674,1.64016047416
2.39623831584,2.61239962469
3.40278660315,0.77801924411
1.74163533398,2.84712146012
2.74342786282,1.37716589525
1.99549847389,2.96597651081
0.919598988715,1.24073691874
2.32626389464,3.22179135994
0.843526096602,0.644594022877
1.20712870731,1.23900163251
1.64897078478,1.40095838483
3.5600049445,1.22724049902
1.63624527665,2.97582044515
1.43997361467,1.25576558184
0.534871196475,1.12519564631
2.87330555276,1.03141420883
3.02951337204,1.11442487626
3.07399468658,1.18239775282
1.60318006414,2.86551516025
2.10161614193,1.26428126832
3.22934923591,0.919488179437
3.02976145876,1.47288969179
1.99987480208,3.11224652579
0.934915129019,1.13361797527
3.33110818724,1.12015920538
3.54243954317,1.13099154239
1.08901995175,1.24899584772
0.624161391985,1.23324710675
2.77129153898,0.565917899573
2.3977123878,2.89740531669
0.572781727305,0.852004034991
1.27625764713,1.09561829588
2.59547607367,1.37949499896
3.23120191634,0.960868079865
1.26274982848,0.965467759454
0.889245448617,0.928186246727
3.00525468398,1.09708772938
1.69977185293,2.52126671657
0.74303520753,0.537523780098
1.98675808435,3.48553779727
2.08873372655,3.25277663894
3.10671105472,0.856814118879
1.56545994103,2.52816106424
2.97446531924,0.830709690009
1.27955451223,1.10198949514
0.599722458579,0.595984748261
2.66715673391,0.835744569796
2.36799919214,3.19990636268
3.08543717974,0.907186722135
1.60804354312,2.70798720973
2.45099143487,0.791249464195
2.08852273499,2.670369463
0.686423990156,1.3633435869
3.24979522184,1.09811986274
3.32949106222,0.958648246421
1.27912254883,0.947405079302
0.716666123225,0.876985092039
2.09420770755,3.11186280266
1.1494157214,0.992142328797
3.73536891572,0.936638204911
2.30442130845,3.43209109231
0.731360031642,1.11607074936
0.970464242672,0.800956514091
3.12116880625,1.58101373872
1.96290511223,3.15149099444
1.20953714473,1.00113126673
1.06494302252,3.19333561002
0.655759404277,0.868653986577
1.98497520756,2.74691531804
3.28083874449,1.20351402965
2.121294303,3.15130307255
3.28801432234,0.875050275269
2.53552370315,1.1595923917
1.80937086841,3.25584893048
3.13416362624,0.815163663003
0.769025177666,1.16177475739
2.32311124188,2.93255203162
1.6705131706,3.17178400591
2.20317377492,2.99042667731
2.0915962265,3.30724947983
3.16223207559,0.454576710885
1.93031179784,3.21867896022
2.51325097476,3.42432451282
0.776573553385,0.752068438402
1.0860713464,0.303821717263
1.2016884271,1.12223855087
0.744224245849,1.00688792668
2.39643590423,1.17691108167
3.02025505715,1.23328124137
1.77010172031,3.38445340211
1.93972774004,3.0367593953
3.20974084612,0.910372119829
1.30586806605,2.74722848949
2.00787398536,2.96569945204
1.20293821971,0.885397313327
2.92321269924,0.895586086107
0.977599606525,1.07761493207
2.0191688575,2.51780395223
2.20959507029,3.15648756817
1.84439639381,2.91498066766
1.20694544936,1.39055386887
2.31848005101,2.64453376663
0.799683914092,1.09808877862
1.58882842461,3.09316941313
3.49818226797,0.575018955272
2.90985636432,0.893491380683
1.77215135287,2.92477299697
2.1224223948,2.51099920469
0.960967913742,1.02818596882
1.66770592973,3.07049315787
1.28102273906,1.42369831181
3.29727275211,0.943987266457
2.93751446907,1.47231137124
3.00044130007,0.769988543639
2.19140721005,3.10200737948
0.754752070715,0.579595812088
2.86536989607,0.476743673034
1.94399272337,2.65690758125
0.960135826724,0.910662736179
2.06216521802,3.17507097807
1.86143185539,2.81205293306
1.33857821935,1.1488002839
0.646711311255,0.65794110972
3.13285383412,1.06551912194
3.10171777678,0.823110387415
3.36295503792,0.578168568583
0.919679938932,0.661596600559
1.13969873192,0.539126894117
3.30636742295,1.21260858193
0.799686183829,1.50457652202
3.23250697897,1.12985128645
0.704346778695,0.558449497761
1.30653717568,0.834237797975
1.93790765752,2.83100719222
1.69117500931,0.681995253184
0.493530991669,0.966260205232
0.907265666568,0.929960001537
1.87585880329,2.67092250848
2.00494744609,2.63346709959
2.02862356275,3.70122289844
1.83376062587,3.44984744704
0.632369344351,1.25330889292
2.76326934592,1.00037453674
1.2314217846,1.30883164863
1.9231301906,3.25729857304
3.09582955,0.958666235714
2.65992215231,1.29902789285
2.72282639526,1.42364550949
2.04775753,2.70357099361
2.02180336973,2.93824979243
2.44603474223,3.01283391597
3.78617215381,0.77575804658
0.809703371896,0.891177650204
1.11292765935,0.670179762825
0.488118942812,1.58523261857
3.01655140643,1.08969323684
3.10146764211,1.19553437851
2.17751809255,2.85713266911
1.40321916015,2.53783260844
3.11710948305,1.47655920733
0.917298839632,0.787081610246
3.03382138237,1.19718030709
3.03957352674,0.405830322679
1.76068917202,3.1408116676
3.26301803211,0.451926586509
1.06767449907,1.4167435947
2.92821102266,0.925961932663
3.01202143696,0.901673524811
2.67619705019,0.965732334565
0.878109060866,0.740786502669
2.05096338794,3.02724777811
2.08617719374,2.9991371692
0.987348564613,0.913933842283
1.53139569745,3.30183212013
1.8041715652,2.56231778082
2.76771147585,0.919183066465
1.60421804648,0.907970267192
1.49438536854,3.09090331514
1.71494343246,1.2833438461
2.60468479706,1.16230246599
2.35382599436,3.25099079615
0.745503843158,0.902299159354
0.836286407795,0.434624246506
2.28103856488,3.2310992638
2.39095428849,3.03856089506
1.1840961907,2.67101947587
3.07236118927,1.33833508904
3.2494053174,1.1463918048
1.78661427332,3.33838698748
1.57688260794,1.44415443743
2.22306605465,3.06310780999
1.93216325907,3.57774172124
3.34357865191,1.1039483326
0.995542688994,1.24642178111
1.88215381894,2.89911784227
2.7095753647,1.14312042771
1.14433453792,1.82780653421
0.808768892334,0.880818455701
0.447079134953,0.856607798788
2.99104316351,0.96454876469
0.742308283467,0.73031735306
1.82468741741,3.10967743807
1.86528885757,3.14729131655
2.35334885141,2.30844994349
0.890334673004,1.28142776227
1.09917302688,1.28477394207
1.73392870211,3.26349112732
2.82055486425,0.543988214442
0.784118683434,0.756102103434
0.775092896589,1.00984262428
1.77941128452,2.8098034022
1.7972324918,2.87603489149
1.76459377657,2.89932580693
1.98581668529,3.19924321481
2.86325239566,1.42784762561
3.18213350157,0.685548877952
2.97806410622,0.610786103213
2.14989408653,2.63439485101
1.51981635608,1.20535033206
2.46710301246,3.26520815923
1.80134256694,2.52671787944
1.33799077663,0.676020547491
1.04648422771,1.11344875588
0.89576480425,0.825619456942
2.98147700956,0.865949123901
2.28269429248,2.398462372
1.98902081213,2.97473301104
3.15069847202,0.741319900074
1.14051557028,1.52076369931
0.829206383959,1.08097130648
0.883801954778,0.909309174827
2.2596575572,3.38221336138
2.04171924509,2.74269893863
1.56026768813,1.27181339748
1.28834183855,2.58547649715
0.668684998171,1.01564952378
1.6809263872,0.56369029762
2.77773998874,0.817512654976
2.11135176579,2.70305323514
3.2032386508,1.01554611684
1.34625520915,1.05175132495
0.851169299805,0.977558505196
0.992973068494,1.32375841843
3.52218883377,0.911954483533
1.13315896982,1.10010229821
0.71184868551,0.762064791188
2.68706115059,0.742876543399
0.906407167625,0.747912881356
3.80417125223,0.939757445801
2.21020403273,3.2089951963
1.15868308552,1.07384433661
3.25773125784,0.757112027188
2.66861502074,0.990719122818
1.69803228056,2.35700758043
0.788589917243,1.28297821749
1.28482624208,1.02626537242
3.0452454619,0.923358764144
0.770289341657,1.16673608922
1.2587788034,0.203314272108
3.15385093728,0.902104461353
2.51419200513,0.846687860926
0.51020964213,0.529669682707
2.87904350795,1.28482165714
2.07172612411,2.81763376612
2.4493145082,3.16958016076
2.81249178279,0.882882191804
3.31350701265,1.17971185791
2.84321417508,1.31289327839
2.29647217212,2.84582911492
1.20981414508,0.681633313766
2.85592738748,0.843024716985
3.27516646263,0.982887139701
0.618854500454,1.29081901245
1.63083618631,2.84792801555
0.882283300555,0.08615708356
2.87953273665,0.859457186596
2.78073792421,0.507489031357
1.88222982261,2.6723346176
2.22007846047,3.60355927894
2.4009158547,2.96398766337
3.02960023614,1.05915431656
3.05743526161,1.26415335975
2.18574647648,2.43770595098
1.04917857174,1.02889640678
2.66933094273,0.992635172907
0.610393983351,1.3828226038
3.23318308913,0.912687561018
3.40441073413,1.2723096394
3.33519159466,0.844329938673
0.699935395783,0.536568670967
0.760173280137,1.07223625292
0.840189162406,1.32722492033
2.55292038363,1.44884189109
1.4862112032,3.18388571045
0.847104345475,0.868577709517
3.16097895617,1.12140863668
1.22831131754,1.03650250495
3.16678880391,1.2677421662
2.28978083554,3.42678142469
1.83759212347,3.02745658403
3.12535611097,0.987994382395
3.00563753753,0.821866765666
1.23180845113,0.501520512666
2.25126437424,3.58826424375
2.32825009743,2.67172771409
1.94366152341,3.14608119148
2.74268921309,1.04063639896
2.8597520479,0.741252010083
2.85976769711,0.741953984523
2.81884813416,0.655133781023
2.7231530055,0.564598450543
1.89961351821,2.73613287081
2.0257529316,2.85182198787
1.9099980023,3.26265274594
3.22619744009,1.31959464763
3.04819835695,0.714206514155
0.694587437414,0.976643573218
2.15200070781,2.81333235847
1.69314348776,2.65479239872
2.70864880055,1.42789505824
0.537760895667,1.01897859826
2.68782023097,0.905319062984
2.90821422747,0.86845766259
2.95348925756,1.01981807854
3.03376725927,0.803336491155
0.85934074361,0.33956761435
1.96093305006,2.94317462136
0.724265966539,1.05782615472
3.02024767717,1.00490142523
2.86270782171,1.11154332445
1.58154794215,3.23866486553
3.42947032723,1.43866425123
0.847744719503,0.684435969234
1.08590310667,1.18265315034
2.84672214563,1.23241849572
1.01547248283,1.26018298864
1.41557846402,0.909070523973
3.07196013177,1.04768760224
1.52166180324,1.29831831739
0.772638741872,0.984974771715
2.32431678323,3.47169909526
2.62206379698,1.00858615126
3.04694287708,0.935096806511
1.87835826286,3.13018169047
1.62155247596,3.15420125394
0.959889532099,1.32332314179
2.03175039309,2.74184707587
1.69451620233,2.8036289595
1.37952335143,1.06344910382
0.573424038508,1.59938682393
3.21590045116,0.925474207988
2.04080936521,2.74850665329
3.41775553483,1.31127570012
2.03797064046,3.23790212121
1.28227528437,1.1215612241
1.13574672779,1.02936884362
1.91586566556,2.64591431809
1.042585949,0.904201474856
1.41696294461,3.15248975568
1.77818140925,2.88721201021
2.48129789582,3.06242085889
2.80201718847,1.06390515023
2.54710151818,0.916782582477
1.20117113509,0.787748290747
2.03356171907,2.79728905699
2.07201707879,3.03004782243
2.59031890464,3.13430496472
3.40663281078,0.880555561375
1.58677369248,1.11702799681
2.76590867805,1.08133383893
3.00825291061,1.66960491686
1.2266187087,1.26022222341
1.77824923988,2.98238214199
2.13967675727,2.73835248067
1.17297724498,0.937510373327
1.67183148298,3.06173904112
0.881431305204,0.65217384508
3.06515388979,1.02346335433
2.83035065809,1.14280941503
1.80886721577,0.977822600116
2.71285575805,0.595472704263
1.76804224693,2.55302009753
3.13684591075,0.892726290409
1.24380221263,1.17617781382
2.02672286075,2.96125395526
2.03016926093,2.71351717271
1.84257741351,2.58441672487
3.53239756829,0.882054041574
2.57280278767,3.49916193733
2.3182144998,2.74196133711
3.4204570248,1.04753015404
1.30913148022,0.385802916083
2.21053501164,3.0219856296
0.80198310396,1.05274568599
2.76816843511,1.26461697981
2.65829754206,0.635679585112
1.42040344939,0.876885461903
1.68655510419,3.23697148254
0.643342222665,0.84795509371
0.57821112512,0.822982706239
3.02597495405,1.42577651377
1.87123283013,2.32132690943
2.13343440872,3.30671769673
2.3396015401,2.83170569906
2.49594494977,2.79020461771
0.927394051039,1.45547835111
1.91824017545,3.22125645402
0.39507801166,0.838163609988
2.25890514595,2.82309066129
0.833707112029,0.858808702554
2.32416323811,2.51769702629
3.06218122409,1.0923197724
3.38394360619,0.734210055388
1.11124750038,1.04261854156
0.691019415007,0.895016990623
1.13613457379,0.451077876699
2.40270610738,3.05935599287
2.17128495195,3.32169019419
2.32110800509,2.78399957061
3.16203690792,1.68714012116
2.09333733383,2.67649167275
2.94512850574,1.26887452761
2.24496046393,3.00071555937
2.73929658005,3.05814952108
2.48091718153,1.17662272204
0.225161010109,0.653814890904
1.22628477644,2.71874718417
0.632013502181,1.29023384502
0.893801826624,0.587514611975
1.82712745513,3.17238267519
3.52837983823,1.2262286991
2.22651490408,2.58103942873
2.98138406226,1.37775013888
2.055028594,3.08637462966
2.98150858435,0.57017935302
2.70506454488,0.73050340857
1.554877374,0.93575000314
3.16149888098,0.957266374747
3.27001627283,1.54067266894
1.79328547117,2.83557384376
0.981512079371,0.967808417113
2.33068476938,2.79087807829
2.11948882586,2.62326753548
2.14002519513,3.04833189667
0.986288811802,1.06615229673
2.70279872081,0.699199423789
1.72179112158,3.2665016586
1.01372755519,0.943844844992
1.68889119685,2.66612823154
2.74944219294,0.715977876713
1.46006864556,2.66859295584
0.794796730679,1.49786523886
1.67057061189,3.15368001805
2.5092039443,2.83001909261
1.25905589751,0.758573877809
1.10785131987,0.95662995492
2.13345603146,2.99887115486
2.91329843671,0.400408157325
0.323330731179,0.693247946909
0.944483898697,0.757705453715
0.856103255798,1.1861074895
0.683611460804,1.2460743512
2.75592120087,0.843507547009
1.28093371775,0.989471446939
0.713216499852,0.89620546729
1.84788901036,2.39676531942
2.00666379935,3.16303603187
2.12417410103,2.94021598353
2.88062637042,1.23477366425
1.57191869437,2.72022893103
3.21910553711,1.33137354207
1.34569946943,1.32388557761
0.788523594248,1.20399245327
1.06715306899,1.09888689464
2.23937395897,2.73393611884
0.859946336184,0.574928166062
3.24275408906,0.640572135943
2.18018156052,2.99602491962
1.09249937379,0.586574959881
1.93851183448,2.94779794875
0.906534240362,1.01684960267
1.28091956307,0.842307822069
1.92647547333,2.7663973582
2.45713135929,2.98281564006
3.03947219037,0.578331985782
1.81367519069,3.52037165248
1.7693452521,2.6492712758
2.58808723471,0.679677396694
0.592065782349,0.987579756533
2.17308037912,3.24550611925
2.12585723253,3.27733020659
1.71484461637,2.860801073
1.94685878501,2.73278124508
1.54990148721,2.75444875782
3.21949767811,0.980353487457
2.80711423399,1.0450345681
2.38503651088,3.17938394742
1.08397737971,0.970554883107
2.69646777477,1.02549044111
2.96152740779,0.918468530053
1.29390788009,2.69845667071
1.01193002038,0.529901586742
3.12534017496,0.627935099078
3.6513494848,1.1986222867
1.98353354457,3.1567672806
3.18675574209,0.810642417476
1.57806210347,2.94755298851
2.15376866943,2.89226502148
2.24565181178,3.04214877223
2.6984064383,1.030422144
3.12677411168,1.16424417163
1.87693439217,3.41465456652
1.80208662584,3.14220236018
2.27021717153,3.26740923191
1.52921570379,1.12004716251
1.94357307859,2.68927568214
2.05981912184,3.58372841739
0.678774213547,1.31633551808
1.10584498195,0.954167672936
2.74192126441,1.0984903885
2.94487328093,1.24738546589
2.45755682205,1.12340027287
3.47365955832,0.761349834984
3.06295484338,0.627812620133
1.78198639221,2.93485106528
3.26555626236,1.44212944454
2.07942162733,2.50144548983
2.48303152479,1.53926181614
3.95129243199,1.05684989126
1.18153602522,1.26866679567
0.996656316447,1.00344966996
2.01384051769,2.71248765593
1.72606353873,2.94646295553
2.85308249329,0.916210999216
2.87961065846,0.905003411484
1.85558221279,3.41911959039
1.06768259634,1.13491363007
0.93913094777,0.967035166207
2.88355374226,0.982021599199
0.720953049243,0.946423272374
2.54013882874,2.64146886796
2.16651438272,3.19677732341
3.0497590568,1.39874238482
2.87086142643,1.34481381501
1.73003405698,3.1446241826
2.98191373991,1.08342431439
1.44822372195,0.93845252087
0.96683780283,1.30605181351
1.59111771584,2.76247304531
1.61109188352,2.97209275667
1.58159610752,3.11195241548
2.51857844104,1.4376144249
2.21107566639,3.27874354433
1.36746116926,1.0194568319
3.13044238732,1.16202833816
2.939893956,0.485786165185
3.26594746181,0.918360473195
0.994893875842,1.11374552067
0.718305528197,1.30510629742
3.05691078362,1.51077104567
0.960427408066,1.12142854361
1.99596455919,3.24464159077
3.13988701307,1.5144494826
3.04846778017,1.46902142351
2.1231805374,3.14429095501
2.46085061538,0.759324048481
2.82477193596,1.10053168606
2.26588795839,2.98342230128
2.86377589125,1.02578559203
2.12213909932,2.81143272593
1.87543058125,2.79790074861
2.3549358672,3.21566914966
1.13984992781,0.888927267789
1.0148484945,1.14815103288
3.24761166963,0.910503049301
2.78282138878,0.664111529896
2.46653420962,3.1839978679
0.893970475373,0.515057743405
3.18703608283,1.26720150443
2.73125527188,1.16449843915
0.634618446522,0.908510908644
2.13684908341,2.71653894078
3.13066384779,0.820232716762
1.89783198952,2.6090339752
0.765211253252,0.966883210292
3.0055882112,1.31629749247
1.23589838863,0.860074270979
1.96142373491,3.13662599728
1.54171041555,3.27862257744
1.81242622323,2.77905264855
1.01354020463,1.70188744181
1.97501348129,3.48085908881
2.06687174589,2.35279308795
2.96903617456,0.684582880402
2.07368492837,2.99010105592
0.727810490685,1.01558361874
1.04695196139,1.06965431086
1.63517702578,3.04220157099
2.88895075065,0.712223382208
3.54657452936,0.977304858823
0.744481240824,1.54681708004
0.940480330954,1.02825769009
1.42689504895,1.11882597549
3.07584105163,0.877595587288
0.414458769556,0.802032481081
0.863858787684,1.12097936205
1.06585286674,1.11791888019
2.17575524175,3.34091642326
2.60989595033,0.758844878791
1.88673592428,3.25639281861
1.10167123756,1.60631306845
1.39833480879,0.969615554135
2.19860160994,2.89773767683
3.09573552003,1.09217943415
3.7465324843,1.5087908599
1.70399410916,0.616251667892
1.06404401467,0.63742790388
1.84322643754,2.90786048395
1.49966603213,3.17641132462
0.988215154532,0.649571950678
1.22672208667,0.838260208974
1.1055340332,1.11377066006
0.605227776847,0.861524618556
1.97575651612,2.7888422892
0.821105788465,0.984229811119
2.63887944234,1.12511305089
0.907296109286,0.497198858101
3.15161608157,1.10777474695
3.46838387969,0.717918929213
1.38579520212,0.547900480536
1.02237592196,0.676870279179
1.0726353883,0.733383922794
1.52649584612,0.960103473307
2.76096740811,1.46442004041
0.600336503622,0.409412593064
1.1188020138,0.672081547381
3.00761568132,1.18311752929
1.39413797438,2.70473729932
3.11529702156,1.30291355644
1.4485469781,3.19591118502
2.85502513726,1.00077135473
1.86393406973,2.70251149249
0.884606373057,0.866849172053
1.90138169218,3.19918952266
0.974220769909,1.05828788141
0.933218295716,0.726076234587
3.20636441735,1.01495717998
1.77832737633,0.878790311845
0.822579199658,1.33732575535
1.05852090915,0.465531143288
3.64487236046,0.9729268451
2.89506534597,1.60704158493
2.76654494356,1.52103248709
2.76528990993,1.18753559693
0.648062978466,1.58308635569
3.1662382735,0.798962230682
2.84139880232,0.967598848966
1.51409463039,3.17178810516
1.85387257049,3.26969021838
1.9229390908,3.08804141929
2.60614509764,1.42446224078
0.608041944479,1.49743920389
3.38022349645,1.14984947004
0.803060897509,0.149633648418
1.90967156404,3.16109637434
1.85799172235,2.93892879856
2.30365048855,3.41525601737
3.31625337268,1.2852501091
2.80588394209,1.05137306355
3.00832863949,0.872337336169
1.80450313728,3.1514446369
0.98242403466,0.904737071821
2.63613965514,1.08513086632
2.2970968432,3.4879294473
0.804277425284,0.882713987444
2.52256563736,1.00096666493
1.91421225455,3.44907329806
2.07229901961,2.70830462459
2.79612208724,0.830704627095
2.69055526191,0.571002622394
2.09773988409,3.03743085631
1.95280841352,3.08287195561
0.880165291221,1.11101676635
2.87962958703,0.759975257175
0.83941895064,1.00762156252
2.9638780084,0.556205206011
0.68543411048,0.573994618846
1.27305367243,1.09516546456
0.85899013519,0.934980558827
2.94907251183,0.959760165169
1.78209025034,2.948262421
2.09186101889,3.10910936781
2.09791252692,3.44493858839
1.98678653079,3.58786860156
1.98496776236,3.12949015584
1.01110171657,1.23037072232
2.74826117915,1.29703641516
0.525118480799,1.18311381373
0.979527518403,1.51400281649
3.17981081176,0.923104931893
1.91959706498,2.85101753708
3.0717436742,1.41936887833
1.0939203105,0.743771278209
2.16523658423,3.17862694703
2.22615970507,2.73354353667
1.22999895449,1.10688784524
1.44834536335,0.379004492496
0.868243143459,1.05440152877
3.0041245462,0.446589650912
2.22530759126,2.73026611847
1.58904214941,3.23383815938
0.730779721929,1.39374111014
2.89779229684,0.621048126374
1.21599511904,0.669128136113
2.16153110011,3.14500255553
1.00258836968,1.15810126254
1.14306951068,1.04453487441
0.791629642081,0.955109637902
2.70034536117,0.777958962778
2.95133446573,1.23082905345
3.06377611393,1.4641094491
1.67779268521,0.987322854502
2.10272820539,2.93297216634
0.895611443224,0.593983342556
1.0091805473,0.979107526466
0.552622722188,1.13181751038
1.71946183717,3.11454720289
2.75034418975,1.05170174177
0.759057583798,0.860698692569
1.16920256052,0.614634310602
2.14906794345,2.80048751455
1.82277285413,3.29159108816
2.9025195125,0.786608092077
1.92963858953,2.7409933256
1.9966593118,3.4032223124
1.98195863435,2.7401493603
0.515830645733,0.936177915936
3.08070722195,1.15747535909
3.12026570373,0.99710282904
0.927598662564,0.736542897157
0.289123928432,1.25921569015
1.0063186064,1.02983633711
0.49056825417,1.11618414262
1.29362139523,1.67226795976
1.57675300599,3.04947381878
1.95579390063,3.31794188848
3.69623995178,1.03512726165
0.917070146495,0.92212690545
0.809246176486,1.20292998848
2.71285257052,1.30419164623
2.57426890912,2.50021317696
2.83006804388,0.90769261679
3.43674238555,1.01664766763
1.28502652526,0.954592837511
1.24647571361,1.00158779389
1.10642730793,1.18506596632
0.912448791176,0.771552336457
1.30868064778,0.978313897732
3.75791047211,1.53097641646
3.42136365448,1.04393223114
2.48799486869,2.93656851275
2.89096866597,1.23371536604
3.43000575086,1.12551940339
0.864609088869,1.07970639249
1.10975463638,1.38934758009
1.98090155336,2.5260208411
3.0080215148,1.05503507607
3.0022852495,1.26605940597
2.13844066323,2.98605565319
2.15000500876,2.57046066658
3.07402980719,1.45778726827
1.28274043577,0.919721576129
3.48255664678,0.831526375119
0.860921207606,1.14444444213
0.98275914446,0.882634884348
3.42085342203,1.10075341642
1.71861572142,3.08211883486
2.26781244586,2.85791878291
3.27642251934,1.13824434314
0.965567402569,1.09262537255
1.26857808187,1.41248921992
3.23063119332,0.873601723803
0.956926146485,0.885392365315
2.16495706019,3.000269978
3.64593593777,1.14049147231
1.35556445653,2.69005056741
3.14412734884,0.709544180828
1.35441358039,0.810428872598
0.716689452753,1.07143094435
2.32179081418,2.65842963891
1.93352768054,3.12727578543
0.566039590131,1.2400893848
0.848392504821,0.755262537402
2.70827913319,1.40386632197
0.612142927083,1.0801152608
0.720163287548,1.37299581534
1.15698299816,0.948536100633
1.19203945783,0.514913186707
3.1929163636,1.17646747874
2.18064904687,3.26198191449
2.65658560365,2.93406810429
1.24016944103,1.02347805255
1.17018708336,0.933197469845
2.5874446562,1.15029766965
0.937928897151,1.26405367362
3.23224818295,0.767662309369
2.77388866015,1.04130694777
2.27024682926,2.54822659453
1.31032296594,0.701136207889
1.22415650026,0.643316513439
1.05322784268,0.879465719138
3.089614098,1.27319370167
2.87872887253,3.06685749693
2.2437000768,3.16388156008
1.92300495936,2.98845700253
3.38092942509,0.787043745356
1.7431091519,3.37796259946
3.3003993052,1.17916375132
1.62519844554,2.78706446996
2.17859009231,3.34924552987
0.741632294484,1.57301948593
1.71021384235,2.78270660423
1.57992313756,3.05240402787
0.819802732703,1.46567295401
0.473232824969,1.13528033854
1.45821912122,2.99420316241
1.17355644932,1.1048963371
2.69870318634,0.70054248153
2.99000421515,0.54075895078
2.95158793912,1.53833464157
3.06466591614,1.17040220777
2.19006017074,2.81735546477
3.07569942942,0.882760601176
2.75541730166,1.54036419724
0.840253024237,1.19351658204
1.41129670189,0.847047027358
2.17133294664,2.8368917911
0.549281029185,0.46669991358
2.1949488904,3.13043664164
3.02478330965,0.753539644894
2.19502535431,3.54628178223
2.06086431333,3.37400854227
1.9406637645,2.74866712218
1.88116304067,3.67628510964
0.802434109958,0.845729810218
1.75773378754,2.7773543515
0.797700201803,1.00954916748
3.00938026411,0.972366365592
2.98189125168,0.786687820963
2.19308938264,3.20666899998
1.25248937922,0.925162425952
1.09901053435,1.66778329952
3.45927970531,1.02773432064
2.04323194554,3.0700374239
3.13410724707,1.03171599864
1.56026739704,0.706816636037
2.09600957963,3.62375299944
0.921506366287,0.945326564863
2.39126416755,3.03144348242
2.29281125761,2.53291982025
2.37238976609,2.95323060427
1.97055163664,2.73401572198
2.64150395842,0.849877099809
1.15039643903,2.67497200192
2.31603192459,2.83097770106
0.863340248945,1.00524374771
3.0852943557,1.12462018785
0.661952257373,0.780796674141
1.74916658615,3.192663283
1.58306569433,2.41389643121
3.28625687427,1.16324342571
3.01354975678,1.55780390016
2.04199654022,2.89678631135
1.24435594675,1.01767767675
0.884536057246,1.0283054768
2.58552830368,3.37198216495
1.96626687319,3.26935925196
3.04777514051,0.412435313459
2.20398320183,2.35107070548
2.55657386283,3.42469686785
2.72410479298,1.7928807163
1.21693014812,1.00738363757
1.45842449341,3.2491158016
3.02057976824,0.918317169656
2.9003693168,0.783570611328
2.59045113683,1.58412959285
1.08947145226,1.39791576901
1.13722468187,0.71061639588
3.27713896809,0.960229595604
1.05000204861,1.19050943107
1.45399842477,1.16593961926
2.26873069224,1.33447736785
1.86211206732,3.00107496179
3.01143540005,0.826324558017
2.69818894262,0.753535052319
2.84040185718,0.71312247327
1.67129863131,2.6721310181
3.06727566629,0.496393491151
2.89674106306,0.924186798388
3.05934845035,1.02932524073
1.0551776483,0.884353071887
2.89166605958,1.1826887025
2.46076325869,0.680970118554
2.50835780786,0.780006157725
3.0039719303,0.96341652172
2.76284309345,0.727809963542
2.0937901889,2.94196083516
1.15631946294,0.827263609056
0.371619078638,1.03711657427
2.80401458942,1.02355420755
0.588772005237,1.25969587684
2.03886635616,2.57820987566
2.03065349808,3.15149841653
0.844744287247,0.706351042192
1.10690991915,1.21197195046
1.05939018698,1.32458056554
1.56147849733,2.5353611589
2.68634263288,0.674543182162
0.689727147465,1.20447835548
2.09109694206,3.31018709604
3.16026035125,1.09536552917
0.782320786461,0.584990813381
1.26068904607,1.08306157175
1.76683158735,2.90999892692
1.25933085966,0.777350493878
0.561480193522,0.794968069963
1.58239522503,3.17766170449
0.748696587428,0.822645068871
2.16860393177,2.69762705901
2.432291432,0.946656056889
3.04254199175,1.55003060854
3.16996359475,1.0438913338
2.06220021381,3.22774700253
1.01796840493,0.936243086569
3.0442303205,0.706760536826
2.04224319556,3.1420464785
1.47783122633,0.922428210497
1.6010324416,2.89335156762
2.74811026585,0.589526471398
2.53907555677,2.93869831893
3.03156964112,0.97250217757
3.20326711008,1.39215515352
1.08413251159,0.702062916721
2.32957449447,2.96187985115
1.53731355476,3.25864441707
2.17501040205,3.27798143049
0.770756822828,0.56866255786
0.837141557195,1.12481501388
3.45562780109,0.648651861565
1.27885153344,1.17466737742
1.24609653918,1.4079845625
0.23410305525,1.19608557863
3.37817065351,0.96988194898
1.01158916555,0.502985469303
3.39260062571,0.992260432524
2.91534123699,0.652539044445
2.15495223328,3.12278849899
2.80778228274,0.659706521883
1.09746088474,1.29913539424
2.91863779803,0.604847563358
1.114819729,0.98972731584
0.202248328601,1.18189585731
1.14960708247,1.31439164679
3.26070190285,1.05525437941
0.896125165706,0.761609103679
1.25737717729,1.34233056
0.942803951926,0.88154514579
2.0776392702,3.31207168927
2.36364706653,0.448346018872
3.37732326525,0.374009506174
1.83346209635,2.94825530487
1.84349104252,3.2332821844
1.97529690596,2.85611309548
1.60337700444,0.986621372063
1.69626285418,3.37517094976
2.49228886876,1.21880390388
1.96551147012,3.14875520069
1.72937840858,3.09629983986
1.74916011748,0.326403505489
3.02029026902,0.861093473767
2.95537015433,1.02880126149
1.95726563936,2.60737094573
2.81233288947,1.29764104856
1.45599845823,1.51587679222
1.63925740754,3.12482989032
1.49458131234,2.85017497169
2.20179101557,3.0779497485
3.26433932913,1.30989675836
1.08235490732,0.732725475101
3.15697852161,0.838724989433
1.69902027293,3.05238887334
1.70992067346,2.48048059606
3.26128853465,0.736608815039
2.62422199755,0.824103992437
1.0152862831,0.461731218553
3.2534986809,0.797321851711
0.758977100748,0.793135066675
1.82092486647,2.93311224511
2.74924317976,0.717371923338
2.97029750661,0.684803849024
2.94796083088,0.846991138073
0.796592265531,1.3893537372
2.50074810445,0.962029200508
3.2255839763,1.16889691558
1.77884444913,2.79650104864
2.99698305844,1.37140208079
1.22198343058,3.02917526309
2.29469809514,3.31123343902
3.15387505405,0.237628357694
1.76876470979,2.85574639774
3.06152598757,1.34846014107
0.805845570446,1.14167414503
0.80691447915,0.332979054333
0.798261865667,0.892134051538
0.758312047738,0.664506422704
1.83476017229,3.23761244953
1.97261989408,2.87952879735
0.793810288853,0.964757636075
2.05231191461,2.34189499449
2.83515043611,0.670428781733
2.78401784036,0.731927679306
3.24061552162,0.446040405501
1.77649303496,3.30367815302
2.03070075405,2.93277228988
1.96442401293,3.14651117713
3.57151909217,0.995566834102
2.09700695944,2.58918266279
1.44526078182,3.42298564152
0.952699895151,1.67701704919
2.13436089923,2.77327477187
0.791102003842,0.912880869759
1.88654658593,3.25586672918
0.507110411941,0.878178461122
3.34450517421,0.726744886708
1.88547947383,2.95416166098
0.995295366519,1.04827845049
1.35640893771,1.09508278358
3.0667389492,0.97348734304
1.1481225332,0.96516881829
1.4258597886,2.31435016536
2.89321455209,1.76206948623
0.878217481843,1.21731055146
2.77336118209,0.639639544295
0.652793422243,0.906312324662
2.95719368638,0.631709073877
2.20387035973,2.87286352544
2.55562621134,0.61823255949
2.77305194134,1.09045421722
1.69619806287,2.69181093688
2.91250740409,0.477693157492
2.50339678851,1.04609333824
1.98290628351,2.88114436658
1.51944771438,2.98862788164
1.05979005907,0.984818937712
0.82080517931,0.928623481079
3.18124102213,0.511124919175
0.419116058246,1.05663357904
3.03147214953,1.04017387678
0.477293140657,0.609027173766
2.56607368081,0.864294917329
2.73625181135,0.930669517722
1.97178126489,3.11926956469
0.811573732108,0.855691864462
1.39574106289,0.735274354435
3.48008034562,0.943349565935
2.21815246101,2.988328408
0.653145270453,1.23435943051
2.69990089531,1.5021957121
2.85877725055,1.08183891686
1.67000875773,2.87869433411
3.17053767568,0.900156470544
2.75586165503,0.565264716779
3.47632845712,0.807022719463
3.08580375809,1.29357018923
1.42587719874,3.19906847298
2.28157554087,2.69422465515
3.27396057728,1.66339129997
0.895626355202,1.04690469073
2.90976483706,0.801817421807
3.31770817633,0.693230682622
3.31172893211,1.14372856723
1.09514818789,1.15601218437
2.87067109875,1.17182541006
2.37274817385,2.63573481559
0.99270216268,0.778590727238
0.972885397817,1.41027917194
3.16778969442,0.680891322692
3.4754461582,1.1943903373
0.867723210312,0.915893351445
1.85053651442,2.87057569767
2.2727565486,3.02421596713
2.87631847362,0.878962244974
0.850295008602,1.00640536715
1.00366959509,1.47077788436
2.32480168463,2.9551231495
3.50077524191,1.09059676311
1.34182020536,0.629552253894
0.718635930655,1.12993238595
1.85305153435,3.19764064251
0.804311920019,0.84364320631
0.989269578442,1.71422360537
0.727371026212,0.872704713707
2.98821960269,0.715320156745
0.991545331498,1.12849956116
