3.46440056112,-0.232069599844
0.715269382157,0.963948913367
2.71494696734,0.159808842277
0.390226365468,-0.263746039071
0.00272726480395,0.144234445647
0.275133554146,-0.0932375556374
0.0351222095016,1.37314264062
0.245758887567,-0.241539449981
1.35872384771,-0.837840965231
0.302263976335,1.29837673298
2.19332306778,0.41025360448
2.38452938278,0.189374417803
-0.387359368042,0.172309304832
0.243051760276,1.13850034696
3.1770048928,-0.168203784468
0.180260345381,-0.161098282235
0.970825309848,-0.835147234329
0.751871246092,0.426594018447
0.701609858965,0.787657183868
2.78454235084,0.0428515598822
0.894593491121,-0.757817992914
0.128843285858,-0.257821938868
0.154390341449,-0.199349921064
-0.561114038483,-0.174891361591
0.0114938733704,0.0781708054208
0.652559845837,0.698036316596
-0.43627709236,-0.113112156931
0.957959288384,0.794931029532
0.254691285842,1.07360982381
0.0688837286902,1.07899630457
0.817340055456,-0.525114710028
0.311438321401,1.11084606206
-0.218158146644,1.25948494835
2.46698277144,0.287429678938
2.19474502856,0.190141619706
-0.111826561021,1.04351852066
0.415878421524,-0.300890353961
2.26490728361,0.565863663358
-0.188551522297,1.35905557865
-0.0696351870905,0.167966235167
2.73502213188,-0.0805492550665
0.618706001144,-0.469388874094
-0.200354366229,-0.001299450735
2.21586480816,0.452887130465
2.83827417491,0.129833638434
2.2278794252,0.164169918894
0.524229459149,-0.85330477248
0.290452045061,1.00091528435
2.67606217321,0.121165023504
0.262163199815,-0.314350264598
-0.368257548797,0.167438057544
0.730159665612,-0.347464772384
0.12155866004,1.03103219032
0.333790899673,0.992278657886
2.87057708303,-0.147011981703
2.70310166903,0.0122396194876
2.65225602181,0.150975155433
0.852776934359,-0.581697960941
-0.135541163276,1.68734519933
0.319331156456,-0.489373899472
0.614076576658,0.94335989924
0.798562777158,0.648993965175
0.421341742992,1.17061827814
1.93081023973,-0.0707857638029
1.05124335251,-0.691094138675
0.511769730066,1.03758591308
2.51524037685,-0.31501124451
0.386884704551,-0.640463163314
0.37654894441,0.890326231552
0.492911701698,-0.449589452597
0.137688254208,1.17409866309
0.385990694207,-0.292988275
2.88228447136,-0.301870896477
2.56942406368,0.279183979567
2.85674094135,0.125482658131
2.50796594093,0.123512395101
2.53195171917,-0.26993148891
0.534308635826,-0.333232945642
2.39383146415,0.0904128165002
2.42680864493,0.400120126153
0.820416329225,0.955813495055
0.735173575509,0.884803554393
-0.12269352634,1.43473201211
2.77890194942,0.211100845039
2.53304659887,0.0103909668183
0.0338861763585,0.0833554405693
0.520795861091,-0.391592514362
3.00576591798,0.0202021041509
0.415941512984,0.908013803809
2.49356195883,0.133985662447
2.91203366826,0.11307715799
1.99164468446,0.307365093028
0.885144724684,0.846274931719
0.565155218573,1.12066480659
2.47684216969,0.277577022428
0.179966842313,0.890780715223
0.428686724757,-0.581136902141
-0.135064269562,-0.174097490973
2.61345539083,0.404417289583
-0.035155139357,-0.488259762449
0.274023302117,-0.153715392827
0.45020869379,-0.444680800969
2.2803042696,0.423489823902
-0.494338065929,1.44636845003
0.0896724960432,1.30615414795
2.83622365467,-0.415367597691
0.365631992148,-0.164792064307
2.77353573873,-0.0697505765235
2.39538220454,0.402171700065
-0.0565161010189,0.0159314200752
0.243215748305,0.911261405387
0.392424837306,-0.617118578308
0.879296270589,0.777574462419
3.64885290015,-0.450694787848
0.959054196577,0.683269232201
0.62268415283,-0.578295103346
2.06986195222,0.16627318301
2.4438699087,-0.187454691579
2.51943666196,0.20670444149
0.55680048852,0.91250013719
0.662462065962,-0.829818721601
0.0484757512023,-0.391002037436
2.82001599301,0.0494375196814
0.521599661233,-0.631079709899
1.20926968948,-1.16495154143
-0.41278186722,1.41885340095
2.80863398013,0.212727404255
0.26829577912,0.884544807647
0.481240421378,1.43983388785
0.359545829415,-0.131920232763
-0.0522283354478,1.00863839439
2.52717714026,0.360294297148
-0.177162740077,0.0574886572084
3.5612085836,-0.679365732634
2.91887380846,-0.119125533476
0.768114783271,0.470150407613
3.4594244275,-0.422101896258
1.70364717166,0.766566496266
2.95773034981,0.0902161207165
0.596840007908,0.984382529416
-0.0635402724278,-0.48390325531
0.304996063659,1.10945747681
0.719270462203,-0.807117824367
2.39217996019,0.00761730451761
0.112605803496,-0.0522958600211
2.50379052069,0.298487156956
0.458000886285,0.875968268983
2.83696404695,0.195568306032
0.342423960538,0.756754523849
3.68927697679,-0.48177420643
-0.260777521025,1.44848082366
2.65386476461,0.0805864129775
0.110917753634,-0.115472284214
0.0227904332791,-0.466992693398
2.62571897877,0.282694400798
-0.442330626536,-0.124918716989
2.90198937402,-0.0402469865757
0.794492998538,-0.570130677245
2.19669918068,0.0527748354887
0.37406187546,0.923807267086
2.13405878153,0.18335355276
2.58641567332,0.13184652094
0.112898234245,1.04649300307
1.16783846713,0.68372003487
2.8468287022,0.198730304041
0.310399018663,0.62329494122
0.110516083578,-0.59286121453
3.19151898945,-0.0700262075838
0.537190400149,-0.60996513017
1.4341286919,0.86197706943
0.986109275787,1.05060810477
0.289739856367,0.00491368603346
1.1798540591,0.660998365858
3.12162793102,-0.0259062152938
0.481644515186,-0.783159994021
0.638426921452,-0.552098690424
0.459398860288,0.010925101428
2.42039209408,-0.00861491987638
0.548191789193,0.759309908162
0.146283117557,-0.442682621683
2.54023124845,0.395832197287
2.34518361625,0.288013892178
2.51336443709,0.257971663844
2.33932241112,0.474906352109
0.0991018334889,1.25844701062
0.164664910587,-0.278545162963
0.37737091535,-0.543858478012
0.381083676449,-0.234703562491
0.495279289354,0.893449982001
2.77335344899,-0.190753628579
3.11214417261,-0.220779311045
0.447821015673,-0.518725906134
1.39813387589,-1.18874385814
0.590982987292,0.863878773107
0.39643401404,-0.272796516401
2.99373702433,-0.049387778733
-0.0416280506924,0.0919069280766
0.870788737183,-0.578171001372
1.4154577607,0.343825260928
0.326334828882,0.13890983651
0.78600238133,0.740329619586
3.01671505799,0.152389161909
2.58880823047,0.0904926361259
0.458850888553,-0.564795972229
2.45977059883,0.227153679992
0.910090651636,-0.721457704901
1.29865618421,0.614849288956
-0.405405056708,0.270951248365
0.35878110118,-0.520309602458
0.948289831976,0.627319659217
0.264508551236,1.22611368196
2.6706309263,0.218484992321
-0.127623585237,1.41995603508
0.255072776423,1.05671405201
0.612623246018,1.0340676848
-0.283292568027,1.50666971428
0.830577907453,1.13507495942
-0.333662069586,0.0578753302212
-0.0867003592732,0.153112865543
3.29043736603,-0.376656945419
0.74002438047,0.747017832397
-0.194342594468,0.285376145022
2.26920334215,0.0333736299082
0.665734989449,-0.638806150112
0.0176441663472,1.3409465654
-0.539463334757,0.413050373701
0.152283888669,1.20445611872
-0.527868030545,-0.0923349520651
-0.0148898045782,-0.360841038456
-0.293622354523,1.47928261237
2.62080007158,0.116985509869
0.989699964418,-0.612638529185
-0.0866987804331,1.29468647023
-0.415354883659,-0.0901128355884
3.39369305526,-0.0727453517534
-0.356392692126,1.56242394583
0.822649008044,1.01396768958
-0.360539414737,0.243514051906
1.64139447187,0.617943614582
0.910157589492,0.704357234545
0.266721655099,0.764421734898
0.155152953704,1.18429851738
0.305678008439,-0.401226008974
2.7727875099,0.270436564985
-0.33549932712,1.25607633857
-0.000650287716171,-0.419467121595
0.858959155442,-0.37940768358
0.311223049489,-0.639786545604
0.0265233871242,1.2349255355
2.02588824422,0.750718914478
0.270462343436,-0.540081132389
2.77028475381,0.238339259709
0.505203849326,-0.407986247076
3.01167677838,-0.245769079631
-0.999894169353,0.404843826411
0.691478628241,-0.430042106412
0.0224872527036,1.43321155057
0.303529723267,-0.452314534443
-0.0323586593968,1.45104898117
2.3991331741,0.376108390758
0.367288040819,1.28547482431
2.91411238703,-0.0685733140628
2.44518079997,0.42577213862
2.11082061096,0.493566886086
0.633446993946,0.908115740342
0.454073940768,1.39704543271
-0.027033621646,1.02779789684
2.15198627099,0.677570499127
0.132798240068,1.14458280509
-0.11878584614,0.00857758759095
2.9270798272,0.207138323112
2.75349650205,-0.0375822783148
3.15342967605,-0.0261783918106
0.165594947556,0.973105198748
2.82226968516,0.0353308214034
1.16799896551,0.618588832056
2.44316968131,0.433693999261
0.541695065195,1.08524512708
2.00442744923,0.0549592947138
1.58024852792,0.757815393009
1.13213673435,0.889884193631
0.960849194126,1.03926509199
-0.366212754751,0.00991237254656
0.664229883001,0.837579302128
3.58004003425,-0.461648243432
2.43069556685,-0.00720329097513
1.23284611438,0.700798329394
3.16380561967,-0.192871601331
-0.153223691288,-0.474628817815
3.00667393354,-0.105842378979
0.440057382169,1.20743231296
3.11450329517,0.116415482366
0.602454046256,-0.182314442355
2.21385446826,0.391841552382
0.349021860945,-0.0127864080808
0.422517817729,-0.0488665009021
0.240460591063,-0.216031655868
0.648090997467,0.550673678515
-0.481070997571,0.128406373832
2.12860370434,0.352018605103
-0.325245018459,-0.0256702772612
0.540938129916,1.11227699284
3.34558293013,-0.360217193297
0.767414653095,-0.462469820815
0.782524569816,-0.451597709946
0.577460176803,1.08058693007
1.4700788892,0.648591860679
2.64332704819,-0.0550900736068
2.41636302196,-0.198543230032
-0.522545132332,0.229434460462
1.94379310486,0.724155350241
3.25754601616,-0.440394960461
0.477192822767,0.911540288347
2.80187699324,0.24922560343
-0.181061075554,0.197490245228
-0.0986734165121,-0.195663074943
2.55418677642,0.249061628752
2.49789196479,0.254047833052
0.397588800825,1.29902674347
2.21165337871,0.513822313622
2.63285354449,-0.168637216534
-0.418106834821,1.35044572908
0.673073878748,-0.502536268745
-0.016586671463,1.13700973481
0.503948068105,-0.663253132997
0.715336789857,0.847864828518
0.242231505088,1.30892689456
2.64572219921,0.0931294798919
0.709215571316,0.733610949032
0.766997747482,0.771736823019
-0.27096991901,-0.245580399976
0.756391267125,0.918549147416
0.641200240575,-0.709261635079
1.39784187659,-1.14405633486
0.325668195363,0.727912669564
0.183285289325,1.4711208267
0.16307083453,1.54182369551
0.171990333938,1.03076357253
1.79075822299,0.446280579
1.51580510832,-0.929472794305
2.79427781609,-0.12862017542
1.47821953292,0.625745117235
0.38177580804,-0.23076110704
-0.107191792858,-0.196214459617
0.224698762918,1.38618509915
-0.0536909410204,0.0145111182461
-0.527235670093,1.28106041078
-0.0448532005733,1.09154438364
-0.307583824471,1.28891930128
2.99846969485,-0.0263697117903
3.43896467463,-0.235755704856
-0.131088446422,1.20795865787
0.44211742225,-0.64153035924
2.56833090085,-0.208883671695
0.968790287164,-0.827029057043
0.517602704265,0.982910616529
0.0215331009726,1.4711977302
0.70336549515,-0.264790668227
2.54106897216,0.179061944432
0.470779632269,-0.332522812587
0.907168611558,0.873424565236
0.161897196762,-0.433638620345
1.81676785583,0.451253748339
0.230818170273,1.06953979864
2.05555760645,0.743872776671
0.0158486501413,1.39168525357
1.30782049511,0.680247972798
0.284399390895,-0.323220497205
2.50860179907,0.120457106338
2.97853856895,-0.202907991204
-0.596964884395,-0.111663302167
2.71004845071,0.152363048441
-0.123052766151,1.3846175722
0.438458042122,0.931166870965
-0.381562943316,1.25830455497
0.250470953821,0.820931746169
0.3625139764,1.09913705211
0.410365426773,-0.706841926035
2.62710947873,-0.0980979308743
-0.443899803817,1.5418287758
1.30355230509,0.686935322824
0.501923222957,0.935792446143
-0.620238273767,-0.0706277052809
0.35662124043,-0.400364234451
0.296483327344,-0.222812739538
0.524906979007,-0.201487212821
3.74658931066,-0.609146848059
0.600524653959,-0.415792368603
-0.282369316313,0.0436685057869
0.153340234387,0.947358908473
0.183846024931,1.44963852582
2.72066542342,0.100467294932
-0.0946335255594,1.0616181908
3.00810890124,-0.141520512814
-0.0146110882948,-0.223710663332
-0.133995110716,1.46193598097
0.0735351515518,0.240508023066
1.23338436454,0.57110225654
3.31562945217,-0.194011094298
0.225291148667,0.935047854309
1.9689348612,0.527607921353
0.42455264667,0.99933848041
-0.0129179278075,-0.0741502051219
0.591972019884,1.18191939745
0.43930901014,-0.642058226268
0.337301967692,-0.134795201244
0.725125894288,-0.0668542806476
3.09597870396,0.213454616735
-0.02003903183,1.08262424722
0.604319887992,-0.166122235111
-0.373881730985,-0.108368732823
2.44219439822,0.162560471638
2.55578427825,0.211787000014
2.54763798381,0.269199625805
0.0406123507776,0.981436310008
1.29382574651,0.548694519892
2.97612766956,-0.019985107195
2.22869351891,0.562600940167
0.2962683131,1.14161015062
0.103486592169,-0.182138023035
2.91623624257,0.155569764633
3.16258602422,0.122847373562
0.184965071718,-0.100799389471
-0.364300842174,-0.0209135256946
2.74364566488,-0.272152682664
0.974871510636,0.849763182182
-0.0784043136371,-0.383540296722
0.552076331322,-0.289310718641
1.78741340958,0.560219257726
2.94058116277,0.0201376563564
0.654566392076,-0.413932620556
0.235735308545,-0.373851530999
2.54220446591,0.19979070421
0.472139189891,0.624684178352
0.415250914408,-0.726256763609
-0.0605687515732,1.50967612275
0.275663012206,1.26094382711
2.88466784459,-0.0561883119546
0.302986829071,0.658967655564
2.7481590634,-0.0546275726413
0.550254923668,-0.283750489472
0.188088266696,-0.63965469632
2.37094336019,0.0133019282345
0.662564742896,1.15194223823
2.81286679,-0.00252232716533
0.190382169224,0.826251136186
2.14947707172,0.0140662613217
0.807328839432,0.690927850175
-0.407625472547,0.0936602430691
2.83777166726,0.150667670933
3.06178595481,-0.00218538224461
0.690915544942,-0.434968916904
0.0732425489521,-0.388586633733
0.410999142949,1.12189536322
0.492784414066,-0.364588955505
3.57402237747,-0.106937841852
0.373417423504,1.39223839747
-0.127301520138,-0.157582366373
0.450415499809,-0.515034468498
2.24077519875,0.649693157269
0.215599297366,1.18760173548
0.5574729983,-0.368116097037
-0.911413471521,1.41265049101
0.00700097068075,-0.384254613265
0.611865036145,0.7870791038
2.77915435031,0.247463080419
0.407820713799,1.15494641161
3.08784599616,-0.075507794366
1.91556058526,0.357269772269
-0.0658755239765,1.32122319294
2.95599460675,-0.102583767827
-0.12337403448,-0.120569090758
0.852316210742,0.899458721248
-0.157465195412,1.26740780893
0.654032016602,0.980694727771
0.229382941012,1.31367491708
3.31935786366,-0.461280028272
0.114715480144,1.26004717036
0.633720544577,1.34182428772
0.259969751035,-0.523136487964
1.04463227267,-1.02532985525
0.437347092463,-0.247967410344
-0.0119850318775,-0.26708763637
1.73109665805,0.402735684559
2.43600500986,0.330021472373
-0.230946574743,1.45515162107
0.29228248941,1.08005422153
2.96067798008,-0.0248879738261
-0.211850791065,0.926609468701
0.43981122232,0.996530190692
0.655173326042,-0.480043463123
2.62676169062,0.0193806478497
0.206390762658,-0.245704463716
0.862576484205,0.5558152134
0.510151924019,1.14191843736
0.287913924711,0.980401283763
0.198664716631,0.0135814602606
1.10975243075,0.618496335198
-0.0280343483067,-0.189190178186
-0.184709493329,1.20720616771
3.61670180184,-0.412264535531
2.61248001828,0.0200685372153
0.191372005314,1.00479696452
0.993988165805,0.527986717602
0.231368783264,-0.290675790342
-0.0683584973263,1.16883999816
0.258213439876,0.0308365954606
3.03611077002,-0.0099304470274
2.11737054968,0.580946446887
2.83511299477,-0.119386674497
0.537856427032,1.09232200925
0.391032774561,-0.687478800009
2.93916161715,-0.378723290849
0.644378511562,0.707381495688
0.337695684278,-0.405536760267
0.314418016225,1.19033246086
0.402575255962,0.876163336273
0.57906921415,-0.250032619674
0.18847738614,-0.588645096777
2.72575287115,0.142732284204
2.90939555342,-0.088153799082
3.44985972601,-0.38145874897
0.516118211445,-0.641028437815
0.894748527526,-0.806007672868
2.80180214082,0.251131176652
-0.399283262569,0.208678923582
2.78782854758,0.185270603464
0.349228700442,-0.697843184665
0.827513742991,-0.551357150561
0.477992337923,0.879037422491
1.43293965293,-0.779226561649
-0.278849239023,-0.255459333674
0.25596515344,-0.375809709522
0.548964835964,0.735067427321
0.739695786847,0.671941654211
-0.206794699221,1.71220551569
-0.213484402473,1.50610849036
-0.372671295819,-0.00295979404573
2.33712251129,0.154737424588
0.302980912305,-0.0714260173127
0.0707357488772,1.29932028908
2.77845067702,0.0457351991387
1.93904733305,0.468246082203
1.90150464112,0.577325604267
0.727576802923,0.731782735739
0.481771062081,0.966806842138
0.928040487241,0.952837943064
3.78255661648,-0.27482226673
0.173089623707,-0.393768557062
0.742595461765,-0.672244989408
-0.850728713327,0.351499420567
2.5626554547,0.190237044108
2.56895155637,0.276425500698
0.74466355324,0.855486435541
0.0974337475261,0.701695149039
2.33125316606,0.548285427731
0.398623646843,-0.517715757276
2.48542597936,0.291904700505
3.21515297974,-0.483846673553
-0.0198376229715,1.21860514024
3.44398307567,-0.4845361064
0.00587665809368,0.0677678764549
2.6050795093,0.0480877720612
2.72888415211,0.00713233379149
2.2631850332,0.138680392678
0.3933873767,-0.554995035069
0.435844852512,1.04793983255
0.504216097118,1.01320602617
0.367704072811,-0.407913893256
-0.444922664076,1.42321918877
0.561233161955,0.64346189878
2.41666212509,0.0743566589824
1.12111620461,-0.540215514639
-0.297153759374,1.22434989633
0.912538146601,-0.19550026718
1.99694452023,0.345743664922
0.598723263241,1.20484925067
0.085089073779,-0.369721288541
0.62229946332,-0.846092105342
0.528634426804,1.20030160923
0.837757576155,0.98931152009
-0.289898518308,0.876980671611
2.40323731021,0.422165729923
2.79321137507,0.197996106633
-0.168851619921,1.40667664614
0.598266028219,-0.00979524654101
0.611770944149,1.04775678814
-0.210977271391,1.61111767064
2.94616255432,0.137146016333
0.0739731203019,-0.0841550974601
0.34818326033,0.957134121031
2.14164550582,0.305464688538
-0.276601910871,0.454399554947
0.181417765889,-0.403716542666
-0.235025691013,-0.353263837008
2.64602266457,0.0729752784388
0.238288095175,-0.53740168933
0.0861968003507,1.17501071745
0.101073439127,1.20350341693
1.45898214331,0.282389558298
-0.0855650337732,-0.028322590424
0.164599162827,-0.0678613298216
-0.164330266323,1.34416977043
2.82340707308,-0.303716904128
0.265434349034,-0.520735170923
0.0227451985828,-0.27052396862
0.305178348897,0.890776545665
0.266296624328,0.951950295975
0.205449626096,0.98143867431
0.199767141921,1.22964442982
2.06793587047,0.552649878453
3.13253818326,-0.239284826247
2.9533823383,-0.270626222948
0.914598903658,0.643134208419
0.747175711747,-0.231837172293
0.723088773082,1.1955422489
0.590316901286,0.609196744278
1.01015411813,-0.712668254074
0.257187026602,-0.22475241716
0.337316012817,-0.475580278172
2.72447613517,-0.0215727373362
1.2911024307,0.384978481712
0.408700913807,1.00923731532
3.04348608222,-0.178251738053
-0.000805415642011,0.154649435662
0.023395842439,-0.211997138069
0.246375700378,-0.391212408134
0.3646946764,1.3525951743
0.684519103039,0.771319016571
0.735521924322,-0.175076160106
-0.0853710163371,0.771879925662
-0.111579853076,-0.243025488991
1.52856279317,-0.89292219581
2.52167907014,-0.0272141272487
0.805158851397,0.718238492962
2.85673687953,0.0793891856642
0.677014049056,-0.346597849379
0.144474820961,-0.317720046031
0.000224638081147,-0.00793131968274
3.33808166956,-0.0873941565891
0.374471263492,-0.255585107887
0.172359840866,-0.500082820896
2.47989566171,-0.0816777574176
0.421190713548,-0.553821144884
3.65459761423,-0.11798990867
0.462934257271,1.19318797814
0.429401530018,-0.286519061509
3.15884208963,-0.184737232477
2.23117085636,0.164691814646
0.620050386055,0.464264222895
-0.210348462178,-0.00594630320272
0.625807027766,-0.358949900228
2.74936341762,0.0215465509401
-0.126372475178,-0.115972113325
1.34583825085,-1.15911316089
2.90046142849,-0.0215223483658
2.17547615457,0.0553725211039
0.140118938301,-0.686212745906
2.21771075483,0.409418946607
0.65246383181,0.838513394724
0.788858446075,1.10558853696
2.50411322579,0.0296450038002
2.84050412045,0.217468226559
2.14862878046,0.444240781211
0.899221259938,0.820035744856
0.849611385193,-0.680896981252
2.59318214947,-0.0182721684878
2.97377862291,0.0326767009724
-0.423316874389,0.0365257319454
0.0902085202312,0.958552255511
0.996332090481,-1.19660104736
2.6067960325,-0.00702742829717
2.80846358614,-0.331279371956
0.55540011164,0.735143474111
0.114545582166,1.57736232716
0.917945065492,0.91427713579
2.60636907635,0.157670454656
2.45289069373,0.352616735539
1.13770965496,0.443265318303
0.337676961733,-0.308064491917
2.23028896607,0.166420470226
-0.517603736661,0.128313194762
2.9869873986,-0.0274275205502
2.86615552764,0.289466607766
3.1731066677,-0.115248629772
0.363863922326,-0.71835572557
-0.0523301936313,-0.20639451027
-0.188194647205,0.0267839331057
1.67247824858,0.636820234124
-0.391987372007,1.31703670593
0.23907986897,-0.423556921532
2.70881031972,0.191670919265
0.54793191579,-0.337343679749
2.58220614596,0.333710871389
0.360514986077,1.39004274816
0.176937594576,1.09188747893
2.78746631218,0.0683882995516
2.79403232922,-0.069673633205
1.0407797443,-0.861700164307
0.166328268598,1.55599814289
1.09676212928,0.643110770073
0.197206953074,1.18625175917
2.27539693094,0.198364807719
2.6907702382,-0.118671228803
2.69014808883,-0.117987345566
2.71982663298,-0.194577900571
2.68648188811,-0.263575271026
0.518210209058,0.794025271073
0.565495854801,0.88140174216
0.049922680345,1.30725317658
2.60688251253,0.372284627728
2.943965905,-0.183776717378
-0.044547923004,-0.286514714403
0.753726772986,0.817846082021
0.342151064946,0.756737788983
1.88043286892,0.58439160625
-0.273368212951,-0.212926230788
2.33245474567,0.0771651073732
2.6333525869,-0.00409777221188
2.55000953232,0.134771726911
2.84506412213,-0.093577914386
0.737069987429,-0.943859760169
0.403466764677,0.984106288215
-0.0827074967414,-0.213137729349
2.64457894913,0.106485178723
2.35616127099,0.243163366665
-0.326420502328,1.35110946137
2.74460645122,0.447156771423
0.408035889481,-0.603925851891
0.241777671918,-0.165096533074
2.22638114688,0.364753020427
0.0855700311924,-0.0747714583876
0.891382386341,-0.50046556253
2.66820395388,0.13776264555
0.664504222996,-0.141218589075
0.0424816931183,-0.294361457256
0.361366436047,1.42692787521
2.15840840915,0.191723505856
2.74070102531,0.0326877411573
0.132546822883,1.18407718142
-0.200772326544,1.26023527646
-0.0394922085508,-0.00157490817686
0.673209707742,0.77252893013
0.207880728305,0.902137361371
0.706668512795,-0.3419683874
-0.760221986941,0.347865127139
2.95435363833,-0.0113688549091
0.678111579691,0.777190133172
2.84674802429,0.324870707889
0.227696975504,1.25679161856
0.535678740837,-0.265151497608
0.442210946797,-0.325349419099
0.620314261255,0.702387638274
0.443569134108,-0.428764141787
-0.447277728706,1.30050298799
0.232988600266,0.966796106905
0.925509167574,0.99414426202
2.32608146634,0.208977389992
2.15136092516,0.117234341805
0.742215095944,-0.575259903383
0.624769937876,0.826424114337
0.458815512266,1.04636429196
0.992046242929,1.04215390276
3.22664501355,-0.0944372188961
0.909028885731,-0.332013867048
2.26638134224,0.233439173095
2.02295089449,0.759554964535
0.341552849747,-0.118020167509
0.146150463961,1.05993457698
0.807264062875,0.746982429487
0.571249417881,-0.422892978678
-0.0553609158424,1.15942570224
0.478346996188,-0.642410059332
2.68207564891,0.115447338057
2.28837180598,0.280400113031
1.30545982,-0.513799310223
2.64579834485,-0.231244559919
0.525917424973,0.641768216621
2.8884077549,-0.0272154849637
0.439147246522,-0.2038054962
0.466725970035,0.988314735293
0.697166703459,0.745123813346
0.587617639845,0.65721872325
3.37776849165,-0.118753556223
0.637578004549,1.4028663177
1.02044830851,0.713912729397
3.09090659668,0.0661631473783
1.24022203405,-0.990816369831
0.634134361642,1.0100754529
0.0161660229298,-0.234043283472
2.10172595597,0.412373151491
2.54292393393,-0.180705141734
0.926627893906,-0.532957421721
-0.197550808584,1.32792445038
0.0108495366391,-0.401969009379
-0.0453154324849,-0.413059409356
2.2671315213,0.517262907024
0.862646932825,0.393832173374
0.28059818639,1.30457715807
0.964415544152,0.79736981083
1.19188837371,0.724696636957
-0.199593009133,0.134440306186
0.0977243519462,1.26504482197
-0.28123263353,-0.360656223875
0.874437943382,0.80548100239
0.231757667034,-0.430372241889
1.23248539399,0.493183621411
2.615583585,0.183453318846
3.3327935974,-0.233028454683
0.400404028385,-0.30735804607
0.0256766298465,-0.365679205017
0.97084347689,-0.891459224853
0.833014380249,1.00725648754
0.31281804279,1.31147247093
0.985562554881,0.754466488705
2.19340161917,0.745191120089
0.807575117672,0.695933218041
2.31240478559,0.380261828181
0.695302141385,0.982198775515
1.24223836086,0.937071143332
1.83379511197,0.385133922228
-0.318891506578,-0.506261757579
-0.282334556809,0.915047390982
-0.406826901999,0.0332552425211
0.552400776443,-0.708234497523
0.0318857086997,1.235886273
3.05855677827,0.21894773523
1.05623339184,0.575201961978
2.25692749679,0.479396350297
0.386772503097,1.10497969396
2.99464561621,-0.311078199346
2.513025685,-0.0974794403566
1.03591806785,-0.502909415631
2.8593544544,0.030902140318
2.45809960365,0.579692145058
0.298464502755,0.913156264924
0.311422729145,-0.353985005216
0.990892306815,0.759235827709
0.887894722945,0.638476195381
0.524577461125,1.05031836347
0.227395588258,-0.258705448223
2.53886875494,-0.127655214818
-0.181796869928,1.34960480052
0.372370889832,-0.384045010507
0.326641889733,0.768705047051
2.58010079049,-0.12079487494
0.0469392987162,0.818028452892
-0.399082292994,0.203112317476
-0.140860889185,1.2496758779
1.17160195876,0.760948754685
0.839046878194,-0.61568273491
0.474820829748,-0.39082728874
0.561785505784,1.00325301178
3.06699427769,-0.463266209789
-0.235873760092,-0.48779052988
0.458415734109,-0.5520423054
-0.0400137435392,-0.114604137456
-0.303931873406,-0.0205461043492
2.47148184682,0.00270270460128
0.654691743357,-0.394165730042
0.0515055458355,-0.369066552833
0.76544303582,0.472456890193
0.258113239343,1.18993102658
0.60410168872,0.947744311504
2.26533962563,0.360107546677
0.135399573721,0.845639273231
2.58752560069,0.385267703019
0.427795699997,-0.0801193364995
-0.138289935955,-0.083243848721
0.295547951379,-0.243242865683
0.932182272318,0.722220766653
0.522845775962,-0.713613373096
3.24711971966,-0.295735824549
0.621040574042,0.990887915102
0.794183377685,-0.749889234516
0.372058073784,0.993228169815
0.175720642853,-0.290612354145
0.789081439909,-0.5382063539
0.523139786253,0.818141131466
0.968911502708,0.92118118285
3.05748161828,-0.314981540693
-0.302249228185,1.57925518965
0.43958962352,0.73571159004
2.41760875977,-0.12324632943
-0.178845489475,-0.254792418995
0.384575148054,1.23653553688
0.298250780161,1.27736612647
0.180313108454,0.953929806091
0.578557049899,0.78105894748
0.0774498007643,0.883647336313
2.90859323027,0.041609430038
2.34949652731,0.18946194785
0.701966248297,1.12836210762
0.433155385097,-0.372303191606
2.23318563559,0.193015830268
2.65232007708,0.0339230453654
-0.181808663592,0.881323647912
0.74825225171,-0.788843511043
3.11629481108,-0.284033896424
3.23287309073,0.166716600595
0.235792732691,1.18853711883
3.02389283187,-0.117791071593
-0.0647700772316,1.06688424393
0.683780012822,0.894742799027
0.658298806563,1.02261180611
2.23103209848,0.197445527705
2.62821395196,0.240610612936
-0.12899321015,1.46281069519
0.029087403822,1.2114794512
0.482350823396,1.23806024428
0.836481322368,-0.317258742503
0.614307387616,0.739149373612
-0.0616599520692,1.59080669636
-0.373967755718,0.0492171004527
0.474636949366,-0.392826046924
2.22162681815,0.255149639388
2.33172161979,0.359280691874
1.85407915191,0.337828982255
3.41678863798,-0.224856758553
3.04076331995,-0.271364154621
0.194092711276,1.01264507946
2.54269284044,0.484152538499
0.950574508917,0.527451148736
1.50515478829,0.739651038246
3.72604235266,-0.0335413362808
0.279176712261,-0.100512227274
0.297233674694,-0.322204124491
0.678308078192,0.74746368146
0.115679908362,1.03547553009
2.52289047764,0.0539456821094
2.56529242866,0.0375371705845
-0.158961094045,1.47155846632
0.263286227341,-0.208088511887
0.260741055869,-0.346053301329
2.49973156431,0.112114080123
0.0150215398459,-0.321499514688
1.38131696431,0.570054125666
0.421118535289,1.19018596345
2.32066087624,0.485925962278
2.15299804781,0.469816586316
-0.0604895394874,1.22862143262
2.52638215763,0.191202104628
0.904130316237,-0.478399118033
-0.0152931269985,-0.0199045230474
0.120096521873,0.883051752574
-0.0471334233748,1.08413229158
-0.210633622044,1.22707363918
1.64109223838,0.632871253394
0.40028886281,1.26127885832
0.73222173248,-0.382555084951
2.63468555877,0.237689724989
3.0212647492,-0.385150699779
3.02153363827,-0.0285919108005
0.19436174348,-0.213885400282
-0.315779490949,0.0301216374865
2.22701493289,0.594113263852
0.145553496271,-0.199299294925
0.170608571524,1.27199987237
2.32426555095,0.580702745823
2.25490822544,0.554979700125
0.416512084958,1.14769626481
2.19058949366,-0.0192035173463
2.32022042018,0.240162432542
0.736471315669,0.960981813512
2.4357802142,0.159004867326
0.719253992087,0.822108656446
0.43247437978,0.859441319885
0.632328821073,1.17004894321
0.575453657677,-0.463654611243
0.187133985885,-0.184300237433
3.00647746477,-0.0325237221466
2.6679440271,-0.178404646811
0.796569729013,1.11617035318
0.618781266839,-0.779189741784
2.60725013607,0.329030775516
2.14840791394,0.321944852418
-0.0550347818867,-0.340908610142
0.823758106689,0.726211072529
2.94712141477,-0.096904695959
0.632131498712,0.669986302362
0.0499990359653,-0.310546738967
2.34240114018,0.414284500805
0.718266066306,-0.511586785364
0.227379536647,1.17335559686
-0.411218238791,1.39838710317
0.373294712869,0.853909359728
-0.320188534144,0.357964305678
-0.0705361589007,1.50750437266
1.07112413152,0.384523263051
2.87503604602,-0.196543235621
0.497321822133,1.00692253339
-0.0398289222508,-0.25521132076
0.297752319501,-0.267714241543
-0.0819612345717,1.14781699154
2.75268650178,-0.153070433744
3.30796424217,-0.0284286257855
-0.504799231223,0.261341487376
0.206461711062,-0.286405427964
0.713530990394,-0.297477269235
2.82825735964,-0.0295187803151
-0.224733981065,-0.399994567708
0.0288725262863,-0.179941409166
0.276589219873,-0.224347833392
0.300678732532,1.32937461923
2.3717473156,-0.0502283291482
0.0274342765681,1.30589493079
-0.126038465921,0.246348505409
0.815177408836,-0.437669058019
0.733142508955,0.890908219229
2.65639695432,0.176436985917
3.06500236545,0.450795636959
1.50852769867,-0.846204325179
0.713235939743,-0.69428081607
0.292998307447,0.97367191196
-0.368846671915,1.30696241275
0.610200713493,-0.666848558732
0.727062759544,-0.531057120394
0.32849199326,-0.236543145267
-0.0477581855367,-0.380873332776
0.562394640576,0.830007082552
0.101929255895,-0.305026858317
2.07237183098,0.302332475464
0.651249642733,-0.799401880511
2.7099097099,0.180245573332
3.45005791249,-0.266285293668
1.18513193407,-0.84787236587
0.626689273522,-0.647132300377
0.636014991752,-0.602120533423
0.97926253897,-0.47325377685
1.91051129317,0.609416357892
0.3592320991,-0.822397115286
0.747981293918,-0.671587827742
2.46649484532,0.283512509388
-0.0660140422159,0.866922934204
2.48764883477,0.378692909337
-0.448638987873,1.33652876874
2.44801566269,0.136314964085
0.505655161647,0.768431366428
0.28613046235,-0.432937106283
0.0974372097207,1.24690190367
0.219945561748,-0.263929054967
0.473643449518,-0.58069137302
2.86106481384,0.0781719214231
1.35887745794,-0.604470983002
-0.218772300336,0.0402808351064
0.863535095754,-0.861400803819
3.43115066529,-0.0528658684246
1.94284898436,0.721522668801
1.86556911637,0.663685080918
2.16863533422,0.337516141339
-0.654833435389,0.316608516681
3.00968272555,-0.125017331552
2.46179045555,0.106639303851
-0.34712927397,1.29947920419
-0.0245578645687,1.32564772481
0.225089264579,1.13369082928
1.75928050476,0.602045865816
-0.625136775078,0.240981935308
2.9486728644,0.174561414029
0.842299333268,-1.11822889106
0.142279903736,1.20791688213
0.282526303067,1.00105449694
0.387858529736,1.37591827835
2.74744438296,0.320205870069
2.34221572807,0.195918279556
2.75119977149,-0.0208248209053
0.0235763509728,1.2200303679
0.370132545866,-0.41590609934
2.10556614868,0.263759659864
0.313538325529,1.44839448142
0.174240561088,-0.400940402987
2.0447240718,0.204663693713
-0.11522829198,1.4888573569
0.753010507135,0.731384752729
2.53191926386,-0.0180703617104
2.64110749795,-0.250624010477
0.483261841859,1.0483173587
0.266027716196,1.12250745302
0.0577434551764,-0.193035780406
2.69777188032,-0.104420040432
0.10277024381,-0.285885432141
2.98603102995,-0.321141626166
0.312099140842,-0.678750356189
0.548605031509,-0.289097102011
0.192844836467,-0.360998623663
2.5995059869,0.0768926128498
0.181969838496,1.02575080148
0.41066849559,1.11968140041
0.111287936332,1.44714989559
-0.15399459706,1.60983152204
0.262444376135,1.16154428265
0.10749841031,-0.103055606715
2.04797886325,0.448186432913
-0.438604652405,-0.0496791158294
-0.189831545689,0.181036073177
2.91275818914,-0.00628915751873
0.437514646773,0.902377373407
2.32847912426,0.501608072896
0.652336412859,-0.596317030546
0.436146206279,1.17268236507
0.916518299784,0.724545563557
0.485694165124,-0.268796601468
1.41523051546,-1.02601091039
0.0949952227483,-0.246006525471
3.13494430664,-0.436684107291
0.918478413965,0.7215123237
-0.312925332404,1.34484870065
-0.381605875621,0.11431991757
2.84667883688,-0.244125237866
0.868527104887,-0.694404191752
0.462362926162,1.14053052502
0.163180659138,-0.172047518623
0.437238579597,-0.312006176457
0.0927848038891,-0.327486730129
2.46396168261,-0.050062537772
2.35467715686,0.34175069305
2.27795604319,0.547033503994
1.13785282743,-0.477628871514
0.584714041329,0.945050700114
0.548686975944,-0.702273903861
0.334651596701,-0.348597770456
-0.358405534974,-0.105526504963
-0.0458387690594,1.20134954394
2.27457257777,0.207626200299
0.139517594013,-0.413218414253
0.861560343924,-0.738149715076
0.761902141196,0.805874815251
-0.0822692479741,1.35346001831
2.70120214459,-0.0830445295647
0.550177025973,0.792627233293
0.0266166978546,1.42707600321
0.614386841978,0.781075022973
-0.22433587229,-0.289475486003
2.57853907068,0.243429488178
2.77297521255,0.0783472178461
0.45727017378,-0.569294538438
-0.794257397909,0.0731905520285
0.284850018377,-0.298357763157
-0.419369508625,-0.108106627236
0.046466960994,0.271553325911
-0.15944328339,1.16691257131
0.0549545970542,1.35198148038
3.4366261859,-0.00251507385729
0.275007354467,-0.38548674927
-0.112193060956,-0.0885321265621
1.9985102937,0.462449084814
1.55171135983,0.424796264676
2.50276501072,0.0503260976413
3.13885835565,0.0325967543385
0.691509531181,-0.429143925303
0.601844733741,-0.375242029218
0.26445997764,-0.166942541435
0.406926005225,-0.531921477166
0.698525768044,-0.410775123061
3.05853596465,0.470178222406
3.09529194143,0.0624556378271
1.04857230182,0.869587235397
2.27884640817,0.356951410844
3.03125578997,0.140541317168
0.067477534139,-0.220493146511
0.0819208047174,0.0323258464401
0.808672065382,0.571703075786
2.58396665021,0.15806240466
2.38427947549,0.365788680923
0.579534062555,0.989687318875
0.973125497757,0.580532788582
2.29616298085,0.538743252455
0.720586078891,-0.4628071899
3.36348317932,-0.157992064024
0.00387962914648,-0.156371591874
0.390725148986,-0.437608386747
3.04277759069,0.118176727866
-0.0172473599288,1.16978217035
0.853429134373,0.837744626746
2.83341143071,0.184482584238
0.178092223767,-0.228545544547
0.253361506308,0.02241643446
3.01959088987,-0.0651615123938
0.356883716636,-0.429613342806
0.598703510779,0.998164148166
3.27940085567,0.11092808234
-0.0993715127205,0.860455545331
3.06453974093,-0.208006615602
0.907309824459,-0.584476436694
-0.104319626895,-0.198268120588
1.10107547223,0.631418853298
0.202094757561,1.16992259745
-0.441023748093,-0.00230075736299
0.344134319359,-0.534733720355
1.90193046427,0.560948102342
-0.239015720414,-0.168334829982
-0.375531491159,0.096190931914
0.541786131085,-0.408822031665
0.980327373738,-0.840438390025
2.69724890037,0.239014936127
0.37870469222,1.25111036603
1.25527530721,0.832577033548
0.574205544699,-0.352523028634
0.571805338749,-0.4265424305
1.98700470462,0.337527792317
-0.0119881392497,-0.0550856185673
3.11830765717,-0.169186344676
2.31261440709,0.192624937619
1.13922762817,0.534119324204
0.953667864019,-0.682412903932
0.901997090598,-0.721341733333
0.47906418019,-0.45515715662
2.48365143328,0.354868421109
1.40334942845,0.917009466153
0.544751817413,1.14216379376
0.316121149683,1.03620425428
3.28088500558,-0.180696984014
-0.25774740413,1.45433218315
2.82511138035,0.219618953296
0.138960292666,0.900134906227
0.296508936162,1.3369459627
-0.532184701166,0.287572424073
0.246023120322,0.878440417791
-0.158275647174,1.16913074634
-0.339360337762,0.166476076103
-0.457829889788,-0.0858613622176
-0.252688219835,1.1371143847
0.419075473317,-0.259174602045
2.53267620883,-0.125501006009
3.03181684093,-0.341616533262
2.07413479498,0.642684716842
2.54728239987,0.25937089738
0.796200199944,0.8139813173
2.82336835149,-0.0244342388194
1.83442069174,0.684888207705
-0.0659992796264,-0.104102671483
0.942837709185,-0.560296259403
0.755650264035,0.836942713295
0.245004991336,-0.755857486934
0.516185885638,1.11942244626
2.87965116424,-0.140477189028
0.136480674744,1.5264353432
0.131147830921,1.38531893597
0.556536652396,0.797878060994
-0.362817197608,1.71802734563
0.205783739916,-0.436762559488
0.30853021792,0.863459571771
0.0504249874626,-0.27544592992
2.66111679551,0.0768678428649
2.79736900923,-0.0992385004331
0.444306983473,1.19441977721
0.678936906805,-0.451279922028
-0.18540634855,0.307060942457
3.15605965213,0.0388279744367
0.38738987921,1.09140729478
2.75814558281,0.10938887769
1.25154202361,-0.728094046314
-0.0543334434984,1.62256328472
0.259197737125,-0.363688428874
0.844633755372,0.982281479399
1.18056732768,0.514511141442
0.893181254176,0.909596279882
0.606157597676,0.777409977302
2.32693143921,0.0323939049466
-0.334369986607,0.887758187888
0.936501847246,0.801489257118
0.13394695033,-0.293116941671
2.61410820008,0.210330489168
0.0947513870373,-0.471518810707
-0.081165866666,1.2717196669
0.428693817551,0.543516254077
2.82250370919,0.206935504893
2.1314830488,0.649038397313
0.544124900977,0.922082647535
0.584579333969,-0.359058703402
0.138584613859,-0.274889512429
0.769163216698,1.27577409603
0.112024555507,1.30228180648
3.21906514388,-0.479063132698
1.23894735322,0.354728162433
0.68591025927,1.33330711798
1.56582638447,0.938470362379
0.560726760936,-0.363511926711
-0.485254935652,1.38658037363
2.72406038167,0.021668562839
2.70136917212,-0.0855767990984
1.59442458027,0.761545440851
0.0495016117565,0.0448706342476
0.735124630336,-0.637646811638
2.99686381411,0.0100951486978
0.191071718751,-0.150046737754
0.703364694367,-0.256918974634
1.43234398391,0.583142179071
0.230763225618,1.06103835185
2.79699097129,-0.066498973491
2.48365372835,-0.0735265354915
2.69299892838,-0.142237390586
0.299828143322,0.77818721903
3.16602955956,-0.4008828048
2.56854286709,0.0528019334463
2.66968269435,0.122375117097
0.476964658756,-0.450773153273
2.32629546715,0.30686361968
2.26204545192,-0.0958783123298
2.22930353502,-0.00869935617972
2.66273312561,0.069216512825
2.58554319543,-0.111960967022
0.565667040241,0.955681178876
0.651741661542,-0.527387325197
-0.491383897712,-0.16111205524
2.36535650373,0.169072463051
-0.431367198287,0.0122296713292
0.831290378352,0.610902250248
0.297738672902,1.17371989584
0.38438242888,-0.581860293816
0.240471492928,-0.140705946448
0.0800057264423,-0.0207427844783
0.291583295933,0.666831333182
2.5414343823,-0.148415041056
-0.258526212866,-0.0625139774808
0.226094578297,1.3166526096
2.73172457894,0.166327287665
0.419533005772,-0.687850046772
0.54466737257,-0.298409499873
0.198415083705,0.991426733611
0.822231295247,-0.597360582507
-0.0400157832856,-0.437050081289
-0.269678007374,1.29122596126
0.161709671456,-0.448341132518
0.879533959721,0.701190087135
1.9848676851,0.170011680778
2.17373613262,0.635486210225
2.79050213314,0.113955162729
0.26635060542,1.24188449667
0.38445580339,-0.392355016849
2.94595511691,-0.190251340726
0.320423996672,1.16209234847
0.954665210999,-0.500153525825
0.0125848894225,1.00912282632
2.69397586719,-0.244292254038
1.10856338277,0.861199828617
2.68789778087,0.0724517286834
2.51280841459,0.448007686934
0.678561432354,-0.635134511719
0.833367462379,0.92683971295
-0.398303143809,1.37973391199
0.357255122185,1.26792664648
0.420424342089,-0.701461388209
-0.0070257645756,-0.170709776663
3.49785363962,-0.331468665939
0.48302469304,-0.212469374276
0.230216400164,0.0226162264849
-0.803313484363,0.0226787332126
3.11055092996,-0.00116966037028
0.772421873538,-0.815119085981
3.10760891266,0.0177760740416
2.839196095,-0.216899686781
0.474674378231,1.12013617548
2.70223272984,-0.187833497501
0.149406618485,-0.0534533564555
2.88675061719,-0.264255862189
0.45304181132,-0.359860238026
-0.828978225516,0.0153203973608
0.198701058858,-0.0492110583271
2.89014593893,0.106475023011
0.396214622737,-0.538307389513
0.303857215596,-0.0439584533361
0.343274024265,-0.430483802526
0.208055676852,1.32125620536
2.35674955527,-0.303660615318
3.65374315515,-0.584234951683
0.244265638588,1.01521208816
-0.00389362511325,1.29213991638
0.500397866645,0.895945867186
1.04826313139,-0.463059514155
-0.311999737378,1.46120368568
1.80905875169,0.424089486096
0.221258197442,1.18438961511
-0.017149140834,1.18145605612
1.82801520567,-1.13916674149
2.77597266245,-0.0342825508731
2.54408567131,0.143178849467
0.705714754852,0.656174032332
2.12511476011,0.43564289843
0.386186632859,0.085188955521
-0.152479444313,1.22785694166
-0.0770551815883,0.98868520005
0.572419194492,1.06664565253
2.66198748428,0.354972875826
0.648401456608,-0.604757620706
2.96213915276,-0.0841992627151
-0.0138543561515,1.1446997957
0.521695427066,0.582682176564
3.18188125968,-0.205535022169
2.32951573167,0.0107102045712
0.814582853832,-0.856256628547
3.11698574601,-0.144512198078
0.201126931855,-0.479333085702
0.24289441383,1.00296034391
2.5785862786,-0.119389584568
2.87636362003,-0.196585537709
2.70115178427,-0.0332576285488
-0.297799908524,0.0965333266636
2.05383211527,0.171024579402
2.74377329168,0.224907689718
0.316640299937,0.8778724298
2.2816393459,0.469984928967
-0.571068877104,1.21977572823
0.47200905059,1.27593647266
3.50736717477,-0.671915462904
0.250308720399,0.937928133301
2.38085206072,0.43429744095
-0.0603704300068,-0.147792091638
0.679519620757,-0.939560717897
0.158343092177,-0.390486808425
0.317799111956,-0.605098258523
-0.018434864029,1.29816828982
0.475766011102,0.919413934043
0.0866172090172,-0.318490339262
1.063423471,0.376841138913
2.72562430626,-0.182949314609
2.60745718775,-0.112271590576
3.4221955648,-0.485704749908
-0.149423680273,1.37477864953
0.497561992407,0.959621417429
0.221989137869,1.18241610808
3.3215310298,-0.0156677206531
0.89176530137,0.609722985352
-0.66001424292,1.55946259486
-0.37124399794,0.34609408315
0.768923408717,0.782254118126
0.130713232788,-0.368712011123
0.0276851861388,1.30541881156
-0.181937498174,-0.344457525473
3.29179183515,-0.232250072628
0.301943289915,1.01032913174
0.254640665862,-0.278046775766
0.649750325734,-0.306266702545
2.7296414416,0.0662059432091
0.515851732291,-0.390725468714
0.328995962289,0.478309325665
1.79901543596,0.873643167438
-0.0416980894325,-0.0885962692687
2.67882400421,-0.200418349957
-0.0309892907101,-0.346786634565
2.90896729429,-0.245868204836
0.762248918968,0.865481291771
2.43436771532,-0.176733601789
2.26671289402,0.240901743859
0.312045178335,0.7923452574
2.99544952677,-0.387457602888
1.98026659035,0.252763418835
0.486762921152,0.918886436797
-0.173355441364,1.11910482769
0.390800231383,-0.353382911895
0.152350899946,-0.359392619218
3.29076018786,-0.409827756812
-0.451618131356,-0.151746202768
2.62597394046,0.138708668731
0.0277286314874,-0.6017895421
2.22230283089,0.06197001206
2.36802595066,0.0920491289349
0.255790134381,1.15424374939
0.207767197327,-0.428885431373
1.02605995785,-0.666510113397
3.25835073535,-0.048032033071
0.674110329286,0.975570162899
-0.33017326341,-0.0257667731937
1.80196591527,0.658910379033
2.3785248856,0.21489454585
0.109606614052,0.9806355066
2.92247353406,-0.0268499888785
2.72553321114,-0.269628734678
3.37831096082,-0.180699361952
2.46042115918,0.375594053471
-0.479010109947,1.34426665132
1.01962156659,0.674699496982
2.35080128378,0.699000326752
0.135044847132,-0.258958254195
2.69609631214,-0.0696430262477
3.28990903729,-0.259560067522
2.87121227219,0.182612362448
0.27731911597,-0.193068004037
2.31076031029,0.300534825376
1.18358974082,0.598758421591
0.497806409502,-0.541485064205
-0.103152797826,0.0808732341217
3.11939987397,-0.240903008492
3.02345220312,0.198636336361
0.22086649694,-0.381471521113
0.335914692371,0.935678981793
0.707542108318,0.999502459334
2.58508440251,0.0127230487512
0.11706843298,-0.289305544152
-0.121080824935,0.133778207333
0.833751345511,0.921204738245
3.14896048751,0.0918506300117
1.0572375957,-0.758936418749
-0.155389776093,-0.141406048767
0.0402506279898,1.25529403342
0.20996634714,-0.439189894185
-0.360883924056,0.37501464713
0.090131776222,-0.394970874738
2.87022346351,-0.170390434446
0.176826474499,-0.198757683077
