1.82582456443,-1.587132791
0.556792176284,0.259154279144
1.46568243082,-1.07364207594
0.655998174503,-0.646871486814
0.482083782496,-0.288464747862
0.607296435661,-0.51810052235
0.233160629058,0.749388676664
0.5833829687,-0.572018216147
1.11734773734,-1.34106143838
0.365419255547,0.595726120268
1.21368618507,-0.726340828758
1.29833056916,-0.912044238919
0.284101509032,-0.100774451596
0.325540736091,0.549956688708
1.68254657964,-1.42931598101
0.554673716016,-0.506243025862
0.918965954958,-1.16583564654
0.543357226957,-0.000375417027116
0.539246748628,0.18552376011
1.49430254421,-1.15777571233
0.884576653813,-1.09665352439
0.522565798979,-0.52693767627
0.539142365833,-0.511943856157
0.174380891368,-0.179910764254
0.482615934188,-0.322285914276
0.508775603442,0.166980727441
0.241976255004,-0.207961076121
0.670892796586,0.0738190149903
0.327613599412,0.515377505266
0.232831820242,0.601165722985
0.858966084908,-0.956718678147
0.358888345595,0.506767844581
0.0967166768822,0.811586410799
1.34640392354,-0.904669704875
1.20123675708,-0.82656193054
0.13821265578,0.666179521031
0.666904307201,-0.675183580121
1.25964181422,-0.688051517446
0.117831518531,0.843353016636
0.446466317678,-0.245266980337
1.46156845353,-1.19139056444
0.760632777817,-0.842402064437
0.369425378354,-0.263207074962
1.2277763143,-0.717164518804
1.52701206626,-1.14252673218
1.21664153233,-0.853175798718
0.689292095527,-0.973712420936
0.341565544656,0.466447098294
1.44346607664,-1.07368204234
0.587420496392,-0.612318135478
0.293587013667,-0.111547174548
0.824978647086,-0.837237982362
0.256921675833,0.555836358292
0.363231180973,0.443098367595
1.52697240454,-1.28226816612
1.45078510572,-1.1350917791
1.43306568782,-1.04951613834
0.873716774539,-0.998214714929
0.164617907781,0.968098173354
0.606203515079,-0.717147384243
0.503764790544,0.295233381249
0.580570167214,0.0792976136921
0.418719942706,0.48450854719
1.0505229475,-0.826212594738
0.968751243699,-1.13673770426
0.457040720055,0.383756929287
1.33503843338,-1.19887430946
0.631735180907,-0.815807091407
0.379013080049,0.37779217933
0.697431194844,-0.777014432355
0.273742324485,0.613327035169
0.652079558063,-0.658201204281
1.5236939453,-1.35758135777
1.39834411601,-0.954354286861
1.5362036701,-1.15277919774
1.35756777066,-0.99721388955
1.34629076201,-1.18597582094
0.725585725945,-0.742942553442
1.29716732576,-0.960989332318
1.33258742775,-0.835664531122
0.6101238406,0.208305863078
0.562241868138,0.214418471769
0.156070908484,0.848047418882
1.50148797595,-1.07912602425
1.36363298316,-1.05964328118
0.49438765556,-0.329985222971
0.715175550116,-0.763283947597
1.60617828337,-1.26726129719
0.400234765931,0.368123323186
1.35082219095,-0.986014095548
1.56376218121,-1.18319542296
1.10429903636,-0.682418981299
0.6366969514,0.129711887244
0.489339304263,0.397395389985
1.35086054461,-0.91355007046
0.278421168928,0.466182403733
0.65668287341,-0.807718595344
0.392498893036,-0.370672922811
1.42837846168,-0.917448118437
0.424828981662,-0.557624604131
0.603107588388,-0.544963902733
0.675867832687,-0.755637548723
1.2589992816,-0.759371315807
-0.033456018003,1.02002770881
0.257071456037,0.694611024668
1.49332344527,-1.38826723396
0.649333712912,-0.591069886912
1.48192783798,-1.2037818062
1.31662485254,-0.820638795008
0.444079493525,-0.319935763092
0.312020760723,0.447075516888
0.635968407058,-0.807730760824
0.629590632861,0.101253923854
1.90714691318,-1.7687866848
0.664768459953,0.0228097387859
0.756149173538,-0.893458056383
1.13588735223,-0.781339307718
1.30614429292,-1.10914905953
1.36841935999,-0.964721724414
0.472600987472,0.306965219239
0.761451468514,-1.02509649813
0.473457286432,-0.551139106588
1.51285374576,-1.17070918009
0.701249802607,-0.871993496257
1.02126787566,-1.42200952485
0.00664071022729,0.970994100758
1.51680347542,-1.0917276028
0.323258373322,0.423737743361
0.465495536893,0.579437370921
0.648186463459,-0.573467801953
0.166629436632,0.623663908802
1.38157609469,-0.89870678422
0.384815258866,-0.247013628925
1.84859716724,-1.83292586806
1.55336218538,-1.29131714786
0.554278914909,0.0120437212587
1.81190107229,-1.67087510212
0.984380205603,-0.345474173853
1.58578309395,-1.21403726771
0.497398243471,0.321525008139
0.410561064869,-0.542920366035
0.355507793624,0.509029547025
0.791887447392,-1.0403097742
1.29136537026,-0.997706891731
0.526558808543,-0.42666945787
1.3659056705,-0.916178631101
0.419844108764,0.33475787849
1.53027676563,-1.11219929642
0.353550036701,0.332669668374
1.92597707893,-1.80098146207
0.0862167079002,0.916210654048
1.42967521093,-1.08208312945
0.521912665745,-0.4544945411
0.455761178292,-0.573996698833
1.42736841415,-0.978019390053
0.238170984739,-0.210587058667
1.54944216216,-1.24805668301
0.844577054142,-0.966835892213
1.19401336063,-0.889586123299
0.379744471248,0.394055366229
1.16976856773,-0.802409798175
1.39822062734,-1.02863506038
0.253414478589,0.566716123954
0.771660158229,-0.0706446762126
1.53551521419,-1.1151939207
0.329168597068,0.286655828982
0.493127655684,-0.67029500614
1.69585302406,-1.3914092766
0.710493856686,-0.869434659605
0.852140991701,-0.181405375008
0.700607554798,0.176864844702
0.620648498247,-0.480247094954
0.776449993661,-0.0863144950745
1.6627210864,-1.34009610383
0.67169459668,-0.92287432318
0.765775272501,-0.888668291915
0.707847105593,-0.553634601674
1.30483378568,-1.01770634497
0.459023784244,0.241520552985
0.520425360049,-0.618395801964
1.39038526086,-0.888484633238
1.28409688632,-0.849767609936
1.36838050502,-0.938803435633
1.29228539565,-0.7625843129
0.259041753106,0.66879742774
0.539660218269,-0.552382486244
0.632648963801,-0.767833345829
0.653057215715,-0.629630756775
0.439971350416,0.325944279156
1.47459055228,-1.25844432252
1.64620059947,-1.42400642116
0.670212924604,-0.788066002893
1.11651228249,-1.51749609522
0.487186278947,0.269634006506
0.658633697409,-0.653750794468
1.59585530606,-1.29334917133
0.456248191921,-0.292241486539
0.88314713017,-1.00469894539
0.878054114913,-0.335499458171
0.647401197057,-0.436040567501
0.579609130281,0.126254215261
1.61969604598,-1.21236879748
1.3969695441,-1.04841769055
0.673100449182,-0.813856937752
1.33910393586,-0.928704513819
0.894685511715,-1.08715523496
0.768005795015,-0.232439603729
0.280770263959,-0.0480516902574
0.624543682187,-0.748840156544
0.655909314932,0.00232576958395
0.341768308038,0.579969493424
1.44651230036,-1.02721607202
0.152662913427,0.843574031662
0.326797378461,0.507562375246
0.508451236084,0.33692341252
0.0781760873568,0.952636521379
0.62605665704,0.284849092047
0.304735363827,-0.176634782084
0.436842419946,-0.244331700892
1.72812688627,-1.57450909458
0.556476022204,0.149905335713
0.389664612727,-0.136205907577
1.22996261368,-0.930888214248
0.774561870193,-0.940146648593
0.222287166003,0.742662965984
0.220660431148,0.076373995003
0.283030376609,0.620513933616
0.196339949831,-0.157474332801
0.442829709219,-0.509068541773
0.0712493020103,0.944879859238
1.4149303606,-1.05078295938
0.941947540226,-1.07363506108
0.1661105756,0.768541058115
0.254062015267,-0.206941183016
1.79917156473,-1.48333257486
0.0440981094186,1.01065281738
0.614748086417,0.233614470816
0.302091858293,-0.0805910889292
0.94361914019,-0.384788358588
0.641003543889,0.0542848777886
0.315261368315,0.370097709736
0.283292129505,0.61010718527
0.60449232186,-0.671142796339
1.50191054329,-1.04953844284
0.0364523868257,0.862682270534
0.446608386831,-0.541979890673
0.888991431414,-0.909467676888
0.593048819492,-0.781559974729
0.220484863956,0.690713731418
1.14836822198,-0.497197811168
0.578154723761,-0.718166366336
1.49870798498,-1.06293721989
0.706213463285,-0.763706404195
1.59328105416,-1.39024372327
-0.0154990370612,0.279205479456
0.800236455667,-0.857245785026
0.230289610274,0.782233002023
0.600334266439,-0.693292606979
0.20328498662,0.814906308914
1.31698445009,-0.834113020925
0.397928962976,0.560719936668
1.55395145117,-1.26631035349
1.34352676789,-0.832300579039
1.17644554463,-0.65163846227
0.51156946707,0.270598833175
0.449028993007,0.572265576292
0.180672172539,0.621029988614
1.20853146885,-0.58685788296
0.269472406712,0.60216705655
0.411766932006,-0.295329254654
1.57709452428,-1.14738974596
1.47359669129,-1.18023881612
1.67898228416,-1.35448516127
0.275993465696,0.509874783606
1.51316276855,-1.17810232481
0.767843156412,-0.100183380584
1.34297164241,-0.827814398939
0.475210956948,0.391894763888
1.09573124829,-0.802346807778
0.920695612728,-0.294078056373
0.765728732134,0.0386436751619
0.686999303657,0.183064430194
0.285203176659,-0.183732332968
0.523102722799,0.224877814716
1.87126980744,-1.74287354721
1.31019205202,-1.02168972133
0.805956260751,-0.092079829707
1.67431386145,-1.43455516152
0.365212483653,-0.498493405717
1.59909725165,-1.32469376063
0.430503319561,0.492768346334
1.66759463975,-1.27251078237
0.76950036238,-0.70523318821
1.22309277515,-0.743880987243
0.649931925375,-0.514848251114
0.685390321545,-0.564141125117
0.582198126572,-0.558101202678
0.497666228018,0.102315491755
0.233507595295,-0.0785990235497
1.1770737467,-0.72365514285
0.304042019714,-0.218208345252
0.476441817776,0.404464093399
1.75733692621,-1.59180911397
0.837162436621,-0.905980835474
0.845547208589,-0.907840212453
0.493238201084,0.373743456419
0.857767296382,-0.294072137612
1.41615913396,-1.13873887929
1.29140126533,-1.1018264521
0.21832751958,-0.0142869738712
1.10475816469,-0.472388726048
1.70747594103,-1.58859078997
0.431796920297,0.342242102271
1.51552996602,-1.07218394947
0.391201274657,-0.181925256655
0.409834238893,-0.396754183531
1.38874171337,-0.961146980503
1.36022612811,-0.933637874171
0.4142494873,0.553258512387
1.22926867713,-0.687706976818
1.40400072153,-1.18541166037
-0.000180136914703,0.942433774613
0.786476175001,-0.881787475378
0.192557455907,0.665753299471
0.690288865355,-0.878631106006
0.549877175845,0.206605193995
0.335323668866,0.627429149949
1.42625840267,-1.07275571908
0.539904139347,0.157660282551
0.571761973751,0.14898875863
0.318657171071,-0.342047467284
0.575122206664,0.220167650545
0.757786041609,-0.96101614756
1.11903809296,-1.49714754544
0.343247070536,0.327137470692
0.314862396786,0.727251683018
0.308748480826,0.768307112734
0.282718680245,0.53309172613
1.00979309178,-0.529455239613
1.19226299704,-1.45298253363
1.48902022555,-1.23972030504
0.860566280012,-0.30806028283
0.653647497707,-0.628157590941
0.405441160656,-0.393182389817
0.330974810461,0.670247362181
0.445440503179,-0.321845673331
-0.0601907666861,0.959996434195
0.175367604844,0.657863891446
0.0527069142527,0.865018514996
1.59965569117,-1.28505834545
1.81258471814,-1.57739019753
0.138197991147,0.749216322108
0.659941756906,-0.841066713239
1.36856587692,-1.17467583048
0.918410347091,-1.16124992564
0.456753088166,0.356404082341
0.232075319454,0.799846759421
0.816213622804,-0.787814928232
1.37783685187,-0.986931783782
0.6931113804,-0.714122850077
0.649595060669,0.132115266704
0.528958742113,-0.621308415439
1.02340365749,-0.538872914905
0.315150662254,0.524245363141
1.16314441762,-0.513604501115
0.224405671973,0.766423649656
0.843101082362,-0.135009934066
0.598270902761,-0.626306127634
1.35771032177,-0.998881404621
1.57888542929,-1.35598703558
0.159816114572,-0.135222777208
1.46272941,-1.07481328582
0.152886877633,0.825535758332
0.413145771679,0.368497579166
0.0130084545275,0.884354002258
0.310326599596,0.402953899444
0.384330075275,0.478558458846
0.639779779506,-0.856371418144
1.40528357587,-1.15092149921
-0.00192472200628,1.04058988009
0.841316785976,-0.130069774349
0.445906878123,0.342120491016
0.150360441033,-0.106217231416
0.630618835752,-0.693605495013
0.610466999605,-0.58630029959
0.728660660796,-0.679120570754
1.94768667565,-1.88431717959
0.754535401774,-0.809997938261
0.330138679244,-0.206071618816
0.268179649641,0.503723959974
0.313863343443,0.71728110477
1.46505683339,-1.1030546599
0.148096342785,0.66665557716
1.59769581835,-1.3414789991
0.451181830229,-0.447152946025
0.151914870503,0.865424827038
0.524089808934,-0.276672238162
0.798467360831,-0.150998475289
1.75195556894,-1.50317722229
0.304270186922,0.465877781239
1.10586025985,-0.572589178127
0.410109565208,0.405577638823
0.461002064937,-0.380248227357
0.506732363054,0.413078509631
0.658472690247,-0.840045707904
0.636628991429,-0.564790141318
0.839201206378,-0.708025882524
1.66392231794,-1.22029833462
0.187534542785,0.642696868854
0.771424744362,-0.698744494376
0.274196837295,-0.233804937524
1.3262407413,-0.950043326857
1.38732789605,-0.978727417427
1.38659534505,-0.94909841552
0.212520783708,0.569709793317
0.761572941936,-0.260202510706
1.58860230945,-1.27214742686
1.24091073558,-0.673282537577
0.352965413477,0.527491257866
0.514118061346,-0.481321964812
1.56845710536,-1.16585611612
1.69259048723,-1.29117025407
0.560691656117,-0.481073045977
0.284336348595,-0.198536271772
1.45451179433,-1.28194435135
0.682831782226,0.0910395775618
0.408961353385,-0.490846234469
0.737309444535,-0.731041623485
1.01490213882,-0.476406571895
1.57281008224,-1.23804927796
0.782307608285,-0.833399089385
0.570331463093,-0.627382475629
1.3796589963,-0.978063033309
0.412037295658,0.214729455752
0.641118090022,-0.867346670151
0.192355635002,0.854085185782
0.34956278306,0.590723602586
1.53962191816,-1.24749861822
0.327510308368,0.30611993271
1.46984432667,-1.18555614338
0.736710039564,-0.727708996737
0.530031069736,-0.726263390517
1.2808358873,-0.985608540839
0.541070119025,0.367849088622
1.50608384429,-1.19100983689
0.279889043391,0.432315681176
1.16752573584,-0.885915357049
0.587567431004,0.0943370118883
0.269020037454,-0.127265762318
1.52800211385,-1.13287556442
1.63351148009,-1.30251984332
0.799653296597,-0.859222183159
0.486278592564,-0.561156445693
0.410509306712,0.467104868902
0.702454692695,-0.738501345279
1.88942484546,-1.57969575145
0.40745776273,0.606272415885
0.397460896138,-0.366683423531
0.671761884452,-0.787559777517
1.25230852778,-0.639299923868
0.314428901723,0.584486053092
0.735353917837,-0.769115697046
-0.248951594163,1.19186852475
0.45263266369,-0.529481293667
0.493276906343,0.225520782361
1.5037940311,-1.06278821937
0.410861088563,0.48348365742
1.64246059514,-1.3473826757
1.06834354253,-0.625710565053
0.178357458336,0.77120573385
1.57335248718,-1.30048529907
0.401686991934,-0.351699677861
0.623077821877,0.16849985288
0.128256233415,0.787944675168
0.526450782847,0.29420085318
0.329031470424,0.635340980771
1.73786357788,-1.62576775447
0.267129279934,0.662517260031
0.53767392553,0.466694860328
0.573798576594,-0.705793394322
0.945358018424,-1.28498721325
0.681061181046,-0.66087075694
0.449929147473,-0.467955608501
0.976648890225,-0.522392319406
1.33309798655,-0.871504005387
0.101884815497,0.905846820981
0.347240184594,0.501430076728
1.5804009827,-1.26743502164
0.0800170909188,0.658157230674
0.417751434804,0.397462278189
0.778660464056,-0.863581269271
1.41213854856,-1.0976157405
0.562983337105,-0.556242439326
0.607756868225,0.00842575729833
0.462458640159,0.431684856728
0.3390383328,0.458304712468
0.574551256253,-0.435470290733
0.738024553773,-0.0740964620478
0.446377839371,-0.425513633446
0.110707399595,0.772929702128
1.89299127704,-1.73697740662
1.4048697597,-1.09089792122
0.291084527975,0.51264948597
0.673352997957,-0.0631142913951
0.573075896915,-0.587793270002
0.167963977399,0.703378252147
0.606063834991,-0.454376623528
1.61990615658,-1.29450626078
1.18502915751,-0.61504436903
1.51047418855,-1.25386109764
0.473669843326,0.396818463703
0.631043697101,-0.838938719613
1.54820524484,-1.41786544733
0.505147506511,0.174878738359
0.620622268475,-0.687455852971
0.365172022205,0.541392480507
0.391486580893,0.359709469763
0.753476982291,-0.725380112679
0.533283983986,-0.703360144868
1.470191047,-1.08621527654
1.55036496672,-1.2730530503
1.80943859651,-1.64819667789
0.697848570758,-0.874035587898
0.881771079393,-1.11852508238
1.51560573261,-1.07128825065
0.280175657929,-0.0789711517886
1.50451063423,-1.09481653655
0.609026110398,-0.824874926239
0.862602380055,-0.973155108618
0.430260326176,0.32717847801
1.15884357382,-1.34783547512
0.314032785095,-0.342982323904
0.580568733548,-0.637343285991
0.457968159589,0.230205971601
0.551813315215,0.116086719679
0.129635594039,1.01130906211
0.113873290914,0.921067423378
0.281126812844,-0.186658736289
1.27199212472,-0.906448522556
0.622855675362,-0.520724554116
0.246969703174,0.700014065361
1.49135719753,-1.1537384351
1.08700878354,-0.586038482783
1.07432299637,-0.519847399553
0.549192754193,0.148596510881
0.437448852377,0.36519208838
0.665032348448,0.158680627456
1.98611099168,-1.74919635207
0.537074370036,-0.608291173948
0.811900490743,-0.989753850047
0.0576566947188,0.188157352686
1.38955474571,-0.991559399778
1.39793712718,-0.955390318219
0.565344142364,0.196897697909
0.224857387309,0.417659627638
1.29254813106,-0.725766321573
0.645092082845,-0.765539582618
1.35611184752,-0.910918536097
1.68317608862,-1.58923218787
0.195778279529,0.70412709434
1.80025983536,-1.69219480969
0.479118020512,-0.324472592958
1.40275926559,-1.07490165009
1.46367592886,-1.14896816433
1.23318649224,-0.880545503064
0.640180170713,-0.780056566612
0.418798972533,0.422500336686
0.451714918976,0.376115441081
0.635839534201,-0.701992756021
-0.00954896016202,0.987387287814
0.458763546387,0.183258292753
1.30789181384,-0.978495058646
1.01354767118,-1.09982129289
0.0541799481267,0.831127162981
0.927425269979,-0.85029910513
1.10930929456,-0.667433168717
0.511560658979,0.420423915832
0.49347154497,-0.557935595403
0.739920308259,-1.01444240482
0.475413948177,0.449807563142
0.621005228173,0.215681968157
0.0370978463208,0.670715500897
1.32184239604,-0.815116796876
1.5080276217,-1.09147393332
0.130765658352,0.856060611595
0.777684808941,-0.625303227513
0.508834504936,0.343498980096
0.121443038851,0.967451081806
1.58267171225,-1.18761602188
0.504877662002,-0.423753033249
0.368493839399,0.420741993007
1.18096209605,-0.750567511117
0.357679553901,-0.0228355721522
0.540741521845,-0.616527763471
0.330608374287,-0.406889879058
1.42520564004,-1.08200868319
0.561846976612,-0.702521110675
0.247441399452,0.636838177213
0.256761645896,0.643055365818
0.896653837089,-0.382818811477
0.426561693101,-0.326926157664
0.552239387263,-0.457035258242
0.12933783682,0.825752974696
1.49344746389,-1.33200476532
0.576739348848,-0.707158348313
0.46749984351,-0.485089882518
0.342509518342,0.410011988627
0.326270424852,0.455130183049
0.296891685822,0.49576664264
0.308842260659,0.610609173528
1.158032371,-0.605670460407
1.65553127229,-1.4415272327
1.56195536848,-1.37533935443
0.639611613834,0.0245939858809
0.840610361163,-0.792558873155
0.574659066737,0.360424211549
0.471598525343,0.154709375269
0.946428459545,-1.12806609487
0.590237352904,-0.569549954118
0.616234703459,-0.718974676185
1.4597012565,-1.15997754489
0.81686742688,-0.261096430699
0.402588575765,0.417166993025
1.61360441558,-1.37396678803
0.480899110638,-0.282168068172
0.471336644505,-0.458903002729
0.574738342091,-0.640010061179
0.400619802507,0.592249929874
0.529520866983,0.185798762894
0.838043515816,-0.761651251305
0.135491787946,0.531416917265
0.400392769717,-0.412392233658
1.20098106739,-1.44216924461
1.35556332556,-1.07155725487
0.588091720353,0.107666346104
1.53344215419,-1.17363101826
0.797828349068,-0.81300521917
0.526980819873,-0.561048959551
0.471693258779,-0.356185043682
1.76983031444,-1.46501333124
0.648422603341,-0.636111743861
0.530336214594,-0.656062578448
1.33091626616,-1.07745414489
0.654481382714,-0.791997750797
1.93000505016,-1.62084111607
0.441359928793,0.476061594989
0.674686365308,-0.674748029781
1.67226028772,-1.42864841846
1.2183574713,-0.85441618271
0.47814084703,0.0758007777347
0.364031784045,-0.260826163925
0.770878938397,-0.795622626708
1.47502101508,-1.15163365083
0.400427465025,-0.348274841867
1.09151902172,-1.48063130121
1.5497810656,-1.23889984861
1.1833060224,-0.878890456311
0.502691068547,-0.725808695127
1.2261188776,-0.73765849814
0.517136275557,0.230578540983
0.602937616737,0.290223722697
1.34997631087,-1.03795315717
1.53339978955,-1.10387935704
1.1928444192,-0.690914951054
0.642331085553,0.111526153492
0.866157851769,-1.04167437729
1.39269697699,-1.099587236
1.5905526246,-1.24726837606
0.257568086618,-0.146075606441
0.236536243028,0.537108266964
0.910382581432,-1.3408069118
1.40033832286,-1.1006069232
1.48414869105,-1.33777111047
0.461266561269,0.227353581622
0.286038742937,0.80615343033
0.65755659472,0.145763615853
1.40997961002,-1.02590265832
1.34309349154,-0.86885617516
0.741843856346,-0.165915915843
0.626447971005,-0.643348979124
1.21800957006,-0.853238496632
0.214803000212,-0.0622529877407
1.59371523445,-1.28038608606
1.55083953877,-1.08281274067
1.68372152058,-1.40360926944
0.615289036255,-0.840720427411
0.432912231201,-0.422398376331
0.377330485046,-0.2559562884
0.960659215016,-0.390192030848
0.0111888519182,0.915601931114
0.569067683651,-0.651370558522
1.46444889098,-1.0564741779
0.732312609058,-0.750913590948
1.40815084476,-0.935419094457
0.400722298984,0.611066952606
0.288910150121,0.558526161023
1.49732793782,-1.1475340193
1.49242347505,-1.21294154444
0.953182002858,-1.2092295459
0.311264343788,0.773258676891
0.732849132901,-0.0571330725165
0.304934096227,0.592125902706
1.24301013704,-0.859021161605
1.43663622931,-1.18878681447
1.4363587281,-1.18819832203
1.4469642965,-1.23616295126
1.42576642719,-1.25242069999
0.445756204228,0.27067591577
0.475189907531,0.288995013214
0.236791596526,0.712939585758
1.42309052426,-0.929037078702
1.56233497763,-1.33182272723
0.432099044879,-0.462137460332
0.567729703937,0.175802759138
0.353409355226,0.332784515187
1.06396057706,-0.507198024463
0.31938449984,-0.326198195373
1.26495900997,-0.939449937975
1.41410648921,-1.11119446936
1.37976152954,-1.01098023513
1.51711267079,-1.24664864766
0.792811797174,-1.11015933571
0.398405017768,0.408145178052
0.416960139233,-0.411822218558
1.42647279216,-1.06620047439
1.28703069258,-0.874983374857
0.0467885806422,0.901604562947
1.49806582465,-0.956944839089
0.64474860779,-0.808765047165
0.585921552488,-0.535647925314
1.22788277947,-0.761755733386
0.511375218469,-0.424709929279
0.898339762063,-0.978781482234
1.4404375393,-1.06264782174
0.803720542945,-0.714475610856
0.476174766988,-0.504728034764
0.403366276528,0.627372597577
1.18273282407,-0.809546037667
1.47125421229,-1.1427072898
0.271708095327,0.620147914276
0.105660401685,0.804126783781
0.451745013306,-0.335492723142
0.523804668067,0.191419425385
0.293388566692,0.458798518316
0.813283918547,-0.82421342655
0.103764333388,0.145912783624
1.57797325143,-1.25848166059
0.526592703668,0.1913293235
1.54302545507,-1.05808919547
0.32476313944,0.610362103049
0.73036277568,-0.712755709106
0.678918149674,-0.69806185457
0.492531432185,0.183414376355
0.673422290818,-0.745458087385
-0.0181009244276,0.932924390819
0.310110715921,0.476788355355
0.666209559516,0.178503985212
1.26958798189,-0.876956344194
1.17466624416,-0.840085054724
0.817511923082,-0.945705158319
0.502237619166,0.237532281421
0.430462016185,0.411483139733
0.703140228065,0.170376729127
1.71237063175,-1.41821047904
0.917456542153,-0.910486471575
1.24049533934,-0.839108495841
1.14739374083,-0.491882535576
0.639809030507,-0.559107668008
0.27123908528,0.557880779779
0.5908900452,0.119726323824
0.739125999192,-0.800077846946
0.174053097682,0.693288454895
0.678432936619,-0.857716903141
1.44620173486,-1.07896642199
1.25456236707,-0.82772707735
1.10948404545,-1.17056460801
1.40687836535,-1.21954341812
0.440586049088,0.198334293787
1.54327065449,-1.23606839393
0.684626378814,-0.641698521019
0.431035725325,0.381671770873
0.534426244362,0.168273932976
0.473091817076,0.177646373718
1.78826636043,-1.49700405331
0.543302687237,0.492581125432
0.69802709662,0.00913275711898
1.65250842943,-1.28466075667
1.04753540345,-1.35711205012
0.518025222583,0.31641917537
0.466316297006,-0.465633917097
1.16692975857,-0.684292427264
1.35724844465,-1.1505299885
0.91443475757,-1.00929222679
0.111361599748,0.833305631336
0.453542032202,-0.539222078843
0.424130462119,-0.519044607549
1.25787073589,-0.711037276254
0.598095632364,-0.0648903309295
0.354700973861,0.608250360367
0.674343384497,0.0720261636473
0.786423037769,-0.0628945400386
0.377941284651,-0.202137131174
0.258731684496,0.672400337721
0.306515133361,-0.389506413082
0.628774589401,0.116058814212
0.564911861124,-0.651169290097
0.793342543724,-0.185847212856
1.41623950904,-1.018371485
1.75840509426,-1.52852913514
0.658596656045,-0.671168052594
0.463303701444,-0.529455092724
0.915604073814,-1.19132050812
0.619651753238,0.225928389915
0.371605268593,0.596916463478
0.682598873147,0.0431294907133
1.23377779714,-0.574843389669
0.587993138633,0.0964910663311
1.27284180532,-0.793328501896
0.547664637562,0.276367983585
0.824908348052,0.0106016297428
1.02816059794,-0.576425138207
0.278522876189,-0.438488011926
0.0432483114096,0.6845445626
0.265812567581,-0.154952467073
0.712396172427,-0.920716969266
0.223287044873,0.688742909471
1.64509702907,-1.20102606247
0.708039357226,-0.0696756716406
1.2503809567,-0.723591476489
0.39709640198,0.470319678236
1.58065397473,-1.4121509278
1.34692764236,-1.0994649243
0.972172995509,-1.04472427679
1.53187921007,-1.19674177866
1.35935375562,-0.768459212588
0.340412871754,0.423148796447
0.610260850497,-0.652347006407
0.685612389686,0.0428963694431
0.625664416025,0.0344658110866
0.464358506325,0.383771944084
0.572956185961,-0.571546892037
1.35834872353,-1.12470999219
0.120723056901,0.836047224611
0.639657147711,-0.693287462268
0.346187529872,0.345155999253
1.37986374292,-1.14010247776
0.205976593266,0.492942490316
0.279945271691,-0.081579752584
0.135693485069,0.772473869595
0.778209857076,-0.0373930638402
0.864654608931,-1.00743097647
0.691689375763,-0.742313841445
0.480585553868,0.345787476433
1.60857420678,-1.51345876675
0.322120706518,-0.467372109461
0.673641230964,-0.807891708872
0.444711449154,-0.386395534969
0.315257762305,-0.225450909729
1.33166124622,-1.03550432797
0.783555135267,-0.824512369515
0.476321256912,-0.54257417169
0.553049480547,0.0142857388324
0.336328799332,0.566468577748
0.498921694403,0.301691607191
1.24754528704,-0.781333794576
0.252907294094,0.465751874508
1.41396007593,-0.914479964796
0.68622078151,-0.580648156862
0.396286913283,-0.328121852283
0.608765162043,-0.595123712691
0.653346137792,0.0524866753845
0.696946648018,-0.909892430277
1.71079949673,-1.51846687371
0.51017457938,0.313612067065
0.833657131417,-1.04802349793
0.382874799324,0.426361705719
0.544596598631,-0.562801415744
0.843718372264,-0.949965099719
0.449723095213,0.279375075954
0.68405671339,0.126024156937
1.61258244754,-1.44210443183
0.0728186687641,0.993979448249
0.402023816061,0.279561942472
1.2965466197,-1.06831939764
0.365258902599,-0.387541199198
0.403847438332,0.530823978876
0.362107306994,0.588020762702
0.282378893148,0.494597030477
0.475868052479,0.237738741501
0.225521519134,0.50894315217
1.55772272319,-1.21398556154
1.28040449696,-0.896289278144
0.559825842322,0.339505859125
0.67147218657,-0.715242487639
1.22108437003,-0.842505618983
1.42609101955,-1.10250167431
0.0926828494566,0.624192412704
0.807815577627,-1.04504301353
1.64453826762,-1.45448603861
1.73119269102,-1.30285292466
0.324820762497,0.575850683054
1.60719529779,-1.33782380861
0.163696989741,0.655641628587
0.536531470754,0.241969788934
0.531144120676,0.311250972633
1.22024728648,-0.839535478544
1.42612605536,-0.998178186224
0.154527422668,0.863576767346
0.220393611396,0.678956046583
0.453984484971,0.487652676807
0.881206931364,-0.871266894395
0.491657639686,0.20274076621
0.196654083799,0.891279840131
0.283586856973,-0.162471249522
0.69147560005,-0.743135634336
1.21888778283,-0.809209834914
1.28147292741,-0.811486126035
1.03571087353,-0.606926074948
1.80188655258,-1.56251135787
1.60663651135,-1.41487137408
0.292946937647,0.514979656596
1.39693260407,-0.849630923274
0.651099970985,-0.043881696539
0.881171998967,-0.268609747001
1.97162912745,-1.61468416859
0.608930390447,-0.523205451662
0.604900883865,-0.631603620559
0.524913672972,0.177792313317
0.254178685008,0.560483761799
1.36104209775,-1.03538229873
1.38176291425,-1.06182690654
0.139712274269,0.880977709233
0.594356787629,-0.564746893415
0.584794644876,-0.626023288196
1.35267069209,-0.998676871206
0.460494837314,-0.504687526605
0.874122838647,-0.217833637
0.419777136665,0.493461502286
1.28339332594,-0.749227449915
1.19661192088,-0.681303932671
0.175570528166,0.726894683111
1.37104629683,-0.974850977324
0.90618572946,-0.974516748821
0.46303381447,-0.35464086741
0.247314277898,0.489542839525
0.173756756269,0.655533390631
0.0986277110788,0.793547442118
0.944358103837,-0.377899206611
0.41337167535,0.53496936788
0.823933380508,-0.854038588216
1.42926363804,-1.00240274937
1.58984435191,-1.45760391815
1.61132776846,-1.29640995013
0.558731254669,-0.536450747309
0.31222692603,-0.197213059623
1.24193808377,-0.658272713443
0.534622321686,-0.507956838594
0.296453314039,0.64285187347
1.29091226981,-0.70796548613
1.25387228847,-0.688490178634
0.414875665596,0.476304685512
1.18657709778,-0.919409882892
1.26845497522,-0.860218382408
0.567466603033,0.248300943404
1.32274482766,-0.948774622332
0.55034024549,0.193195353154
0.405789147903,0.338731659018
0.526678060325,0.389604445139
0.738837668382,-0.820405231176
0.55680292812,-0.519823512293
1.60338599331,-1.29143474638
1.42137679179,-1.20557185962
0.607518072999,0.291551957556
0.742124729226,-0.982596163528
1.42068924983,-0.948770930184
1.18540998877,-0.746145086497
0.423475071487,-0.48204209496
0.598088901233,0.102929881473
1.56915079233,-1.29393555118
0.496640257299,0.163454255188
0.479053514399,-0.515422790545
1.29023202632,-0.791391979902
0.809065648314,-0.906154843696
0.319605670626,0.572756316579
0.00621580443481,0.961033296494
0.375167288851,0.362776244578
0.329596854537,-0.0469123901685
0.187123875821,0.857573912224
0.704245882094,-0.162622493319
1.52628944883,-1.30667737495
0.447809966195,0.376365355924
0.436388443499,-0.450092048768
0.608428445759,-0.607183926218
0.159742949644,0.699969049005
1.46626827194,-1.23212469471
1.75794496521,-1.4248257501
0.229320779583,-0.00781219282016
0.560583043131,-0.574688226101
0.819459937967,-0.807163155537
1.5123452228,-1.21012763523
0.333078524117,-0.432648580367
0.476058897092,-0.446857107543
0.600192445281,-0.578070526258
0.366463582901,0.610461329935
1.27744407666,-1.01471159217
0.225199757711,0.72241314211
0.422289151212,-0.184503314821
0.863094180977,-0.916186312246
0.561567744029,0.218091463217
1.43670949475,-1.0398542559
1.66227598795,-1.09902468553
1.19352306716,-1.41204558445
0.795553833696,-0.986552950607
0.341237875815,0.452979405993
0.0224301422239,0.900663444021
0.744458265009,-0.927921539618
0.812402558557,-0.918909728469
0.626028416489,-0.606870961435
0.424807011932,-0.503387166563
0.470525775244,0.267134174817
0.505964073583,-0.536220817553
1.14531735597,-0.720909167349
0.757533409179,-1.0063055167
1.46432761483,-1.06213641584
1.81643502355,-1.59617872311
1.02789543787,-1.26772839553
0.754078150234,-0.926398085397
0.761546130675,-0.910217245204
0.944949642818,-1.00589239297
1.0808541343,-0.509369164043
0.606689717952,-0.885713123388
0.814696531474,-0.991872562585
1.3459196764,-0.906223035211
0.151089369568,0.565733015475
1.36244527234,-0.872650899935
-0.0166409516826,0.949833847112
1.32764909674,-0.964528694959
0.43779778701,0.264728761252
0.59258863252,-0.676720736307
0.257498566896,0.664320914224
0.568830227058,-0.57056815865
0.679720318121,-0.82768412962
1.53558450302,-1.1761231984
1.13139731462,-1.2355489278
0.362487542689,-0.236133205354
0.862478540079,-1.12958407513
1.81953407734,-1.49114176349
1.10411731508,-0.473156283463
1.06109966529,-0.464656293751
1.19669543923,-0.748174114686
0.155835485373,0.0844954796937
1.59948935014,-1.33471861831
1.33292305795,-0.984133802132
0.0330980438339,0.887535695296
0.199770481327,0.754672828306
0.316058836189,0.555838544644
1.00300651241,-0.444863230118
0.166508035749,0.0369588454095
1.58619651052,-1.1718146182
0.836233870997,-1.23625229311
0.27811709212,0.626567334265
0.337517145373,0.470065483162
0.413872315885,0.592410731434
1.49191834276,-1.01565312447
1.27706438828,-0.890102211963
1.47342433025,-1.17162710645
0.218084729194,0.685296857337
0.636604068185,-0.706697982525
1.15999842166,-0.753250921063
0.380170928202,0.658539708805
0.537234118448,-0.612052163811
1.12531900149,-0.75269406322
0.163132208238,0.869186023599
0.562186985029,0.137007170264
1.36135209592,-1.07201406601
1.40331721716,-1.22620682012
0.443091614706,0.401400388351
0.336343379687,0.53241440638
0.490052363009,-0.465732459277
1.44107313211,-1.18548014237
0.507540449854,-0.527938097578
1.57564220319,-1.41283942044
0.591164628714,-0.799581015597
0.735545473368,-0.72938779131
0.549147740449,-0.602327351605
1.40163093244,-1.05936952098
0.287526521973,0.526347146678
0.410207525926,0.466251551059
0.27657602887,0.748703971277
0.15053220958,0.94130738961
0.33684625627,0.55168292509
0.520905837912,-0.447343098299
1.14156370189,-0.643979391265
0.244582399732,-0.178218534873
0.385727126031,-0.185435127117
1.55698702499,-1.23752423118
0.410939386406,0.355895810531
1.28833386628,-0.745639719502
0.77024756451,-0.914913233303
0.426421068427,0.478801260667
0.645467823916,0.060565150505
0.704560315932,-0.691982289177
1.13500526166,-1.45154170343
0.505948256878,-0.506408262958
1.644945302,-1.53191412111
0.646289505834,0.0583135638659
0.0533211778332,0.892718277602
0.283574793254,-0.129591007223
1.50892646818,-1.31548372172
0.875031101179,-1.0562707068
0.437915100245,0.4524945644
0.545276114638,-0.503534924745
0.677171887715,-0.68979454476
0.499938967174,-0.542280026879
1.32465325505,-1.05600295321
1.29217309927,-0.829714666806
1.26519343852,-0.702424204484
1.0258610087,-1.07901366605
0.48883701205,0.309170050651
0.710852128206,-0.916354302341
0.622472890208,-0.660329928662
0.282288368796,-0.239461508993
0.181436756576,0.707984137954
1.24314264141,-0.854461319658
0.518726383506,-0.602030642887
0.86884634094,-1.07293687486
0.571197533527,0.166719328019
0.171896343263,0.79314438944
1.44410855662,-1.17734819755
0.4620344919,0.255703445884
0.232035925391,0.777604728721
0.494208233355,0.221673156867
0.339898640689,-0.382826043681
1.40086908374,-0.974619253706
1.49050697556,-1.13652784749
0.672022060162,-0.81518309081
0.0698998575127,0.0369122284995
0.599989988329,-0.615259857884
0.250929940367,-0.213281030052
0.512093713966,-0.250484201723
0.12122750453,0.743365894968
0.242044856049,0.730918334305
1.82535098894,-1.47081827947
0.589736018932,-0.650263505005
0.409327820336,-0.342221154921
1.11709742382,-0.615335606136
0.952641947715,-0.359988389383
1.35052433343,-1.02799180682
1.67504269915,-1.32135752969
0.800306043721,-0.856853291996
0.757638666084,-0.792244297508
0.597420812372,-0.546658134993
0.648491143415,-0.775690893074
0.804996922267,-0.85169027305
1.66012656772,-1.08735484449
1.65453108207,-1.28830532913
0.721741785142,0.0669470118019
1.25426968988,-0.788820692545
1.62642932952,-1.22425182331
0.493390914837,-0.48252134361
0.515918887457,-0.374619884542
0.581117427993,0.0397946953956
1.39853655565,-1.01567584575
1.3087638916,-0.832118662937
0.488857898311,0.331688264939
0.665820321902,-0.0299825920077
1.27401622204,-0.714342321641
0.813173374506,-0.885126675924
1.77860547039,-1.50834813105
0.464677497727,-0.424982089959
0.645845010807,-0.725754166525
1.63098779846,-1.23953858249
0.194181245549,0.680876606496
0.61995288098,0.140079871482
1.5277947258,-1.11562104155
0.549526173519,-0.535784969805
0.603076325796,-0.456009553977
1.60814410704,-1.31208330016
0.629002151954,-0.70695614205
0.499177115766,0.32692415095
1.75166774756,-1.34896465953
0.133628413474,0.577770835438
1.62259926891,-1.39687295532
0.901462701204,-1.02393462014
0.406788313222,-0.395399931232
0.734356936544,-0.0643576571093
0.306458320017,0.582545635116
0.246180561212,-0.155698403014
0.616183317605,-0.7487955385
1.07356049352,-0.527447940642
0.339637087014,-0.321434278035
0.285598610917,-0.140517839431
0.724887802982,-0.78049494673
0.923512756347,-1.17249199826
1.46136556468,-1.0298684353
0.40171522653,0.540051356813
0.825325558369,-0.0425219052679
0.744851846368,-0.769567109094
0.739192064762,-0.801978314709
1.1037298199,-0.66669130596
0.462619293082,-0.372040106229
1.65244400441,-1.40342956605
1.26171600784,-0.878313355439
0.748059895797,-0.125492626256
0.919327651298,-1.08903882402
0.890549824126,-1.083472083
0.690010124887,-0.773321528591
1.35897295203,-0.881636401259
0.906170861729,-0.0707473727763
0.480183032495,0.416274722791
0.356816702527,0.470897677012
1.73496894063,-1.48156765949
0.0881179493263,0.917498652705
1.52564988312,-1.09600130681
0.257992263743,0.488809528707
0.364782569834,0.615757288288
0.216874070095,0.0163400526593
0.311492828822,0.430967264866
0.121957944146,0.743845654356
0.30832025089,-0.12494537148
0.232576011457,-0.185963899588
0.0717168604326,0.77171324834
0.671038054698,-0.657744671936
1.35530807794,-1.1209574742
1.59785158451,-1.44264171293
1.16659528096,-0.56771760335
1.38582493426,-0.953385624928
0.589238050202,0.15500113912
1.51014721126,-1.20563412702
1.04642591939,-0.441090712911
0.432039623407,-0.369987623366
0.921094963771,-1.02893243174
0.569857469868,0.183579613763
0.552206872277,-0.804368169833
0.464200332056,0.418800433967
1.53200811963,-1.2833822252
0.294217260129,0.773273161421
0.283039592459,0.711821429103
0.465603967061,0.255226169517
0.0501251432429,1.08393298534
0.551234731972,-0.642408779261
0.342589787164,0.396149611048
0.481372883467,-0.499733534018
1.43316449388,-1.08701867036
1.49236139686,-1.22781410194
0.431899437187,0.484974880149
0.792545641358,-0.86122813244
0.395536749677,-0.130403958968
1.68422009656,-1.32625471224
0.396599874713,0.463902295196
1.48477488084,-1.11583154534
1.06905762127,-1.24332904886
0.202305247336,0.902360586551
0.582948961917,-0.63330946942
0.624103889309,0.209416852307
0.76804545472,-0.152908317128
0.644601193362,0.154754677728
0.489776742481,0.223706564279
1.25945166801,-0.957227662617
0.01498065667,0.695540892796
0.660302576966,0.0864116693305
0.523065098006,-0.545195316045
1.41709337563,-1.00554985417
0.492322908092,-0.608325314329
0.167567624101,0.755668394792
0.384940889913,0.197496528462
1.52355585689,-1.10056978873
1.19632893774,-0.590568873484
0.466686747791,0.316986677184
0.749770329538,-0.777177553623
0.526530057637,-0.539029254883
0.603045104197,0.376054265167
0.268280373095,0.68283220478
1.68546487337,-1.58882296936
0.788361260834,-0.251386098199
0.56387696162,0.439429774144
0.924128853739,-0.205876384977
0.737294966345,-0.768492277686
-0.0323861633805,0.988903749368
1.46207714452,-1.14022778163
1.44404245132,-1.17856877553
0.92817482548,-0.29874972928
0.500076366958,-0.354401462831
0.810147858321,-0.970749582849
1.60101674214,-1.26784050579
0.560869051825,-0.506092943262
0.816684460603,-0.784253251623
0.83453474171,-0.306755459836
0.314613590684,0.520423779931
1.494127889,-1.21283247742
1.33332778719,-1.07545219118
1.43636615374,-1.20044840099
0.333030769527,0.361474287319
1.66299934734,-1.52966137811
1.38434046949,-1.05637892289
1.44027323038,-1.07027280563
0.689197953336,-0.770396291956
1.27555758444,-0.832766582836
1.21856108864,-0.986153520521
1.20702144157,-0.932024283173
1.43353374532,-1.09120535892
1.38317825001,-1.1385472387
0.479724348474,0.322523778498
0.774069698689,-0.883461206454
0.210896670269,-0.204956907958
1.28730167141,-0.912628517833
0.251993076242,-0.153456359697
0.595041149078,0.0473828838815
0.355640291985,0.541358784826
0.633962735128,-0.788171444395
0.58671316381,-0.52402718045
0.51176165608,-0.397770150035
0.322144260653,0.314793125233
1.3584191112,-1.13525308071
0.335985866129,-0.264806534289
0.327526608751,0.638163274578
1.47466016327,-1.07821925135
0.645609108075,-0.851891575069
0.732972514243,-0.731834521932
0.293889052714,0.503441067447
0.857144551082,-0.991598366058
0.425406820817,-0.532275850294
0.0722468218189,0.849057955888
0.527982576439,-0.627876014951
0.625139456909,0.0665894240058
1.09260746406,-0.741520424106
1.21714455468,-0.61565444068
1.50160971154,-1.12828046213
0.343655287402,0.586278211378
0.645345235074,-0.702468243053
1.56296553076,-1.33564432003
0.366555513946,0.525921850233
0.930749296056,-1.00702830161
0.199832615475,0.594808563602
1.43075656509,-1.24705838134
0.751945662217,0.0362410244778
1.44660777089,-1.10103027259
1.37947262638,-0.852577773044
0.78134679842,-0.944239326933
0.615018236293,0.189387784962
0.0117096078818,0.946800634028
0.391743145396,0.557281436059
0.645250474025,-0.858449471981
0.458237279915,-0.426576940264
1.83699664395,-1.64710967886
0.706566058033,-0.665301187422
0.591241632314,-0.445536519432
0.0622406194267,0.0181220969099
1.65853228528,-1.32393575054
0.818613606327,-1.06777285957
1.65816064254,-1.31404455032
1.506726369,-1.29980964079
0.44299569708,0.437744953479
1.43836274631,-1.22521920866
0.545325743248,-0.443701581159
1.52823177534,-1.34256700114
0.682395820433,-0.718533873351
0.0486637933747,0.026305958735
0.570810713939,-0.463895230763
1.55216386199,-1.17636376687
0.642626300458,-0.773775001793
0.624948581032,-0.508690758868
0.621984018855,-0.701244795155
0.318569127606,0.648338092992
1.25459557701,-1.1226417797
1.90165542451,-1.83139673918
0.318781262427,0.493633991574
0.208341339867,0.730243446542
0.442740675913,0.324777330905
0.980877385083,-1.03223321724
0.060760657236,0.944944473318
1.01783158989,-0.547704369538
0.31713307142,0.58049430182
0.194930388406,0.68611405443
1.33951190389,-1.68790649863
1.48529849238,-1.18882851367
1.37723274609,-1.00451929856
0.533476424935,0.124196644352
1.1802942171,-0.684256676069
0.674819847479,-0.487193880323
0.12844039729,0.767814488734
0.152727475866,0.62577372487
0.489823400896,0.369697463604
1.45025921606,-0.961588769009
0.767728180472,-0.916966752442
1.57759813717,-1.29492414473
0.194416345659,0.668006755338
0.434887798797,0.173496486856
1.68280763659,-1.44839289243
1.25947630051,-0.968197103906
0.837730652825,-1.10529729687
1.65324453897,-1.39167347549
0.546302646832,-0.659579574173
0.317345946739,0.488706165064
1.37917268029,-1.13878730159
1.52696642547,-1.30729204864
1.44706332814,-1.15480098019
0.325405454018,-0.175232480884
1.12796704439,-0.771998865855
1.48433419005,-1.05712118522
0.347603715405,0.399032191696
1.26246611177,-0.738934867084
-0.0862953504528,0.951933076147
0.450958626222,0.509427875338
1.82148485237,-1.80540253742
0.317247680168,0.455958266855
1.31111094723,-0.799586378271
0.43230519352,-0.392278663976
0.763612427472,-1.08239788731
0.529722930643,-0.600191308143
0.598491382047,-0.76881622501
0.201259407748,0.739493850305
0.431537981661,0.346444355123
0.497320707518,-0.535443156719
0.699844456123,-0.162643612465
1.45062795161,-1.23350271145
1.39437617178,-1.14851815137
1.78903809424,-1.68294988632
0.138800098999,0.832914132809
0.445101161797,0.35485761257
0.317389051774,0.579273554347
1.76565297254,-1.42513836637
0.625924200612,0.0197209630701
-0.111485657792,1.1455143873
0.302753862654,-0.0293797956378
0.573377238994,0.152883170174
0.516884360464,-0.577945482051
0.225299680543,0.722085180574
0.358308379316,-0.426720510728
1.73746523915,-1.50978403151
0.348010825185,0.465551269778
0.585743490749,-0.592519157006
0.786288079433,-0.782528360501
1.46760004917,-1.12258175052
0.712696840396,-0.76067379542
0.33000758262,0.21271894255
1.03960402187,-0.339811640505
0.445406318853,-0.373873456809
1.42562775418,-1.22041195549
0.435430686816,-0.495487982565
1.54070401746,-1.34421420497
0.574943437081,0.19353097307
1.30192249429,-1.10003603496
1.24111179679,-0.835881004651
0.34013155673,0.362399247541
1.57649291273,-1.44706717914
1.09520645181,-0.702017820714
0.437135090886,0.341272609426
0.111244604016,0.727977524267
0.650925692719,-0.687682496589
0.528517358777,-0.583435619585
1.72630631284,-1.58966107177
0.23181118573,-0.218558095161
1.41887904878,-1.04327589359
0.450218996174,-0.637196810309
1.20766888224,-0.896911555563
1.28405692102,-0.948672956174
0.333003276495,0.551365033416
0.55272152324,-0.639734760743
0.95733305625,-1.11431838282
1.73137707282,-1.41143865501
0.536420933408,0.282875479696
0.301513756541,-0.216041244587
1.02825898654,-0.438284759214
1.29678500174,-0.897804851334
0.247787054611,0.538397412358
1.56072885664,-1.25118457632
1.44539216555,-1.27267741394
1.78483556492,-1.52527296597
1.34832346816,-0.861838845553
-0.0317229527097,0.96695878277
0.695256391102,-0.00823725475326
1.31157640765,-0.666348850809
0.525671996237,-0.530233722252
1.44229746928,-1.16899465833
1.73486659961,-1.52129503666
1.5470308487,-1.13342421765
0.602438638992,-0.564246306428
1.26722714708,-0.828660957111
0.774636011838,-0.116148922744
0.694435082652,-0.820785625363
0.424096653212,-0.269634021772
1.64870964996,-1.43636562833
1.62591304315,-1.1944678274
0.562264790842,-0.624159928943
0.360929826391,0.416538790184
0.554965479857,0.278705812015
1.39040776718,-1.08193179531
0.514654125194,-0.535899440305
0.41808753786,-0.237656395785
0.614877380067,0.18666619975
1.68376070091,-1.29908155499
0.967757900089,-1.17011991107
0.38405253981,-0.346764833983
0.228730435095,0.693770970276
0.553230253975,-0.645383228204
0.309787952788,-0.0209429500612
0.49454102104,-0.571621133524
1.52539182994,-1.29268643296
0.55066159235,-0.521740522236
