2.09893474738,-1.94022935833
0.662029213807,0.144111958574
1.49869785804,-1.0844114999
0.687766630839,-0.65367020469
0.397909310826,-0.0563256397704
0.606597066102,-0.439051930583
0.122643301763,0.961169287774
0.566741287834,-0.528914753579
1.45668256889,-1.8106534573
0.343074345912,0.705065027114
1.07870411511,-0.50557608793
1.21977808861,-0.815081771532
0.0679388550529,0.256491520674
0.276610146818,0.62878264118
1.86013810607,-1.67720134169
0.518892533361,-0.419289436437
1.12604626493,-1.51861047091
0.639637631595,-0.288437535045
0.632786834379,0.0213944268504
1.54639804702,-1.22463422722
1.06873076302,-1.40330693398
0.465379338299,-0.45378052045
0.493006949722,-0.428790820262
-0.114928841054,0.124597666243
0.398796230314,-0.112694250461
0.582001592403,-0.00951062759899
-0.00226990165969,0.0778471464649
0.852196914311,-0.16478014835
0.28006491902,0.571150668776
0.12209528707,0.714131031642
1.02604648151,-1.17008219025
0.332189495991,0.556801234301
-0.104763285196,1.064832178
1.2999003459,-0.802790881458
1.05795506847,-0.672611257567
-0.0356033203662,0.822487361718
0.705943518668,-0.700857026868
1.15529683037,-0.441760569077
-0.0695718824475,1.11777652106
0.338546869463,0.0156706394387
1.49184122922,-1.28065898074
0.862157636362,-0.979554500729
0.210145303923,-0.0142295182706
1.10218766383,-0.490282238006
1.6009139171,-1.1992192603
1.08362969389,-0.716967704531
0.743256499212,-1.19840509489
0.303318161093,0.48959999049
1.46167060107,-1.08447811056
0.573470500654,-0.596081285796
0.0837480294442,0.238536982419
0.96940075181,-0.97094769727
0.162245046389,0.638582090486
0.339427554954,0.450685439325
1.60084781423,-1.4321216502
1.47386898287,-1.18682767184
1.44433661969,-1.04420160391
1.05063096423,-1.23924225155
0.00840543296815,1.32568511559
0.604775531798,-0.770796700405
0.573650237574,0.204243795414
0.70165919869,-0.155649150513
0.43190882451,0.519702405317
0.806765385837,-0.67202903123
1.20902174617,-1.47011390043
0.495776786759,0.351783042145
1.2809578623,-1.2931318891
0.647328308179,-0.935229545679
0.365730720082,0.341841792216
0.75682166474,-0.870575113924
0.190279460808,0.734399885282
0.681235603439,-0.672553067135
1.5953837155,-1.55764363629
1.38646733335,-0.885598518102
1.61623325683,-1.21630670289
1.31850675776,-0.95703118925
1.29971174335,-1.27163440824
0.803745883242,-0.813788649071
1.21783934961,-0.896656927197
1.27687285292,-0.687782258536
0.750915321,0.0593645984634
0.671112033563,0.0695522796154
-0.00583956586015,1.1256005248
1.55837376659,-1.09355141375
1.32861544527,-1.06108017531
0.418415765933,-0.125526431619
0.786395590193,-0.847690972662
1.73285761228,-1.40711020198
0.401100196552,0.325727031977
1.30726412491,-0.938364865913
1.66216410868,-1.2670004116
0.896392200603,-0.432373008832
0.795203839001,-0.0716253612601
0.549607760438,0.374513809975
1.30732804768,-0.817591490767
0.198077534881,0.489158832889
0.688907795683,-0.921748718907
0.248601161727,-0.193339264686
1.43652457614,-0.824088237395
0.30248464277,-0.504925400218
0.59961565398,-0.483824231222
0.720882727811,-0.834946974538
1.15422594267,-0.560626899678
-0.321717776672,1.41223434135
0.162494680062,0.869873201114
1.54476621545,-1.60878676327
0.676659194854,-0.560667538187
1.52577353663,-1.30131105033
1.2502685609,-0.662739365014
0.334568829209,-0.10877733182
0.254076854538,0.457314021479
0.654383685096,-0.921768994707
0.783359974768,-0.119055300243
2.2344719953,-2.242985848
0.841989686588,-0.24979560869
0.854684962563,-1.06464782064
0.94903939372,-0.59724021953
1.23280096154,-1.14358980588
1.33659273998,-0.902877580691
0.521710565787,0.223796858732
0.863522120856,-1.28404522356
0.383531817387,-0.494116237646
1.57731671627,-1.24619000681
0.763186011011,-1.02887355376
1.2965494661,-1.94556693475
-0.254889896288,1.33051166126
1.58389959903,-1.11455404467
0.272806208869,0.418417732269
0.509868148155,0.677917111534
0.674747112432,-0.531330729922
0.0117579810532,0.751628008004
1.35852063115,-0.792852680367
0.235795104777,0.0127595584576
2.13688908541,-2.34988448676
1.64483078229,-1.44720328643
0.657840444849,-0.267738971235
2.07572892714,-2.07979987686
0.696527482672,0.129201670245
1.69886562992,-1.31840348618
0.563039325786,0.248063173566
0.278704781448,-0.480418336724
0.326555242707,0.560570738376
0.914248752319,-1.30940068366
1.20816942376,-0.957852859551
0.472034354239,-0.286666823117
1.3324032575,-0.821972425168
0.433782434606,0.270117957483
1.60635508271,-1.14867353404
0.323292314501,0.266637607291
2.26585560488,-2.29664381011
-0.1222632335,1.23920591675
1.43868582488,-1.09847992242
0.464290782908,-0.333041961834
0.35403830382,-0.532212224721
1.43484116358,-0.925040356756
-0.00861201876784,0.0734705088875
1.63829741027,-1.37510251169
1.00206476357,-1.18694421369
1.04591607439,-0.777651578832
0.366949705413,0.368947103714
1.00550808621,-0.632357703625
1.3862615189,-1.00939980731
0.156399717649,0.656715033256
1.02014251705,-0.405552967021
1.61508583032,-1.1536645745
0.282656581779,0.189947874971
0.41631576614,-0.692709403567
1.88231551343,-1.61402350099
0.77859276781,-1.02460882601
0.476128792835,0.40264966832
0.90172151133,0.00696290117052
0.628850503745,-0.375962884924
1.0281255761,-0.431669331791
1.82709561734,-1.52850154638
0.713927334466,-1.11367493197
0.870728460834,-1.05666487986
0.774181515988,-0.498275396124
1.23061678281,-0.991185281621
0.49908189374,0.114722414976
0.461811940082,-0.60621072994
1.37320257477,-0.775815762064
1.19605528387,-0.711287389893
1.33652798169,-0.859680432722
1.20970279942,-0.565981894834
0.165778508511,0.826850539567
0.493870037114,-0.496188537074
0.648851279669,-0.855273303048
0.682865032858,-0.624935654625
0.46732783736,0.25542862526
1.51354472714,-1.3924152442
1.79956147245,-1.66835207526
0.711457881007,-0.888994398155
1.45529014416,-2.1047112187
0.546019384912,0.161578170844
0.692159169014,-0.665135717447
1.7156526501,-1.45058999222
0.354849993202,-0.062620204231
1.06634822362,-1.25004930232
1.19746577819,-0.846977603618
0.673438335095,-0.302285339168
0.700057470468,-0.0773881478991
1.75538721664,-1.31562270247
1.38417638017,-1.04237085759
0.71627042197,-0.931979289586
1.28773369977,-0.842848896366
1.08557885953,-1.38747645159
0.335903465025,0.317592620452
0.0623867799317,0.344362789571
0.635342476978,-0.823617987574
0.827224444887,-0.28393555736
0.303656100063,0.678803982374
1.4667476406,-1.0070348267
-0.0115195576213,1.11814487944
0.278704550768,0.558125452076
0.581460980141,0.273727180867
-0.135664267739,1.29991569563
0.777470015067,0.186936646745
0.102328613044,0.130057636527
0.322507039911,0.0172294385125
1.93610528379,-1.91918986429
0.661502290341,-0.0379696138118
0.243877361212,0.197439094039
1.10583149614,-0.846488397081
0.885372790322,-1.14246214099
0.104520863339,0.949959769973
-0.0377962747525,0.551738931672
0.205759547682,0.74637804936
-0.0783304102823,0.161991718665
0.332485855365,-0.423998629622
-0.147208909983,1.2869879254
1.41411107433,-1.0463129723
1.16434890704,-1.36494282846
0.0108932126662,0.993089923525
0.0178730321122,0.079546968307
2.05451308121,-1.76722899809
-0.192460897636,1.3966095223
0.758622397361,0.10154561136
0.0979227704879,0.290130458451
0.628592373649,0.0636780290195
0.802381493148,-0.197337043686
0.259477867192,0.329017676226
0.206195802509,0.729033468784
0.6019235431,-0.694122387232
1.55907804548,-1.04423877806
-0.205203768624,1.14999194422
0.338783651384,-0.478850877788
1.07608872569,-1.09133052148
0.582851039154,-0.878151017882
0.101517026594,0.863377712363
0.969840843306,-0.123671058613
0.558027546268,-0.772495003893
1.5537404483,-1.06657007315
0.771458778808,-0.848395066991
1.71136223027,-1.61208091211
-0.431395388435,0.88979140576
0.928163766112,-1.00429403504
0.117858270457,1.01590983004
0.594993450731,-0.731038738298
0.0728505643672,1.07036534152
1.25086789015,-0.685196408209
0.397257191626,0.64672138778
1.64581289195,-1.40552529582
1.29510508649,-0.682175671732
1.01663638104,-0.381072143783
0.586658031783,0.163186215292
0.482423908345,0.665964120486
0.0351625408983,0.747238141023
1.07011292141,-0.2731045116
0.183162931186,0.715799920916
0.28071456001,-0.0677664844241
1.68438468047,-1.20732428327
1.51188829216,-1.26207273354
1.85419761361,-1.55248330878
0.194031362826,0.561979466009
1.57783175425,-1.25851191468
1.01378084735,-0.454784140973
1.29417987735,-0.674698704899
0.526060514913,0.365346099814
0.882112553812,-0.63225271963
0.590386494546,0.214861866044
1.01025680689,-0.22340571473
0.879041092762,0.0172955436561
0.069774967765,0.118228385054
0.605880124664,0.0869845178595
2.17467681907,-2.19979728535
1.2395472267,-0.99782424221
1.07730268792,-0.441278222845
1.84641690908,-1.6859333092
0.203123812755,-0.406373402862
1.72105589275,-1.50283097439
0.451547785934,0.533468737224
1.83521820625,-1.41585934395
0.876936943967,-0.750939707017
1.09438176525,-0.534809685405
0.677656215626,-0.433631478523
0.736753542575,-0.515786268528
0.564766550954,-0.505719731129
0.563485966697,-0.117286020408
-0.0163843345081,0.293450567417
1.0176833845,-0.50109994475
0.101173039523,0.0607683645794
0.528111949626,0.386294982332
1.98478868368,-1.94802322995
0.989707067701,-1.08551911912
1.00368168765,-1.08861808076
0.556105921806,0.335093920699
0.485505967304,0.214871730647
1.41615902993,-1.19290617215
1.20822924889,-1.13138546017
-0.0416844607005,0.400637316881
0.897157414486,-0.0823225834128
1.90168704172,-1.94265935662
0.453703787161,0.282591663785
1.58177708337,-1.08198128912
0.246438464428,0.121240178908
0.277493404822,-0.236808032552
1.37046332896,-0.896919674171
1.32293735351,-0.851071163619
0.424458065501,0.634285680645
1.10467493521,-0.441186334697
1.39589500921,-1.27069414062
-0.266257974858,1.28291111769
0.905229965002,-1.0451968523
0.0549713465114,0.821776992451
0.744917782258,-1.03993623668
0.650504213075,0.0565301499919
0.292915034777,0.757903409915
1.43299114445,-1.08293423846
0.633882485579,-0.0250447024149
0.686978876252,-0.0394972422827
0.125531625118,-0.14563017214
0.692579264439,0.0791342442422
0.857413076014,-1.17724463927
1.45949982826,-2.07079696907
0.306120704227,0.25741727782
0.258812914644,0.924274298363
0.248623054709,0.992700014557
0.205240053742,0.600674370217
0.738882292964,-0.177433439355
1.58154133506,-1.99718861606
1.53759418258,-1.3612085484
0.49017094002,0.191558155283
0.683848836179,-0.622480378235
0.270171607759,-0.230855043029
0.285666937435,0.829267096968
0.336837178632,-0.111960515552
-0.366275691144,1.31218221699
0.0263215947403,0.808627979076
-0.178112889579,1.15388568499
1.72198662528,-1.43677194909
2.07686833691,-1.92399170256
-0.0356277614209,0.96088203018
0.694339268176,-0.977328915398
1.33683693487,-1.25280109079
1.12512025182,-1.51096760273
0.495297400277,0.306194963901
0.120834452424,1.04526609237
0.954792378007,-0.888575940387
1.35228855979,-0.939894346303
0.749621974,-0.765755810129
0.816700687782,-0.0676197288268
0.476034243521,-0.611065085732
0.761566569155,-0.193129564842
0.25929335709,0.585930431901
0.994467836042,-0.151015541859
0.108051706622,0.989560909426
1.13921072394,-0.512828396777
0.591554511269,-0.619394606056
1.31874434295,-0.959810381034
1.68736952215,-1.55498643264
-0.139203469047,0.199077644654
1.49377615667,-1.08636351637
-0.0111462839456,1.08808109055
0.422618539465,0.326350791944
-0.244276989121,1.1861114971
0.251253252661,0.383777992406
0.374592378792,0.509785591409
0.660735972511,-1.00283675691
1.39803309978,-1.21321053868
-0.269165616677,1.44650462681
1.13623689663,-0.504594797249
0.477220383538,0.28238897836
-0.154962924945,0.247420220973
0.64546773292,-0.731560218355
0.611881339342,-0.552718225984
0.80887077466,-0.707418677923
2.30203826608,-2.43553667266
0.851995342957,-0.925547623768
0.144667472073,0.0809962419729
0.181008336069,0.55172809329
0.257147825739,0.907656667949
1.49765519565,-1.13343247317
-0.0191305086925,0.8232807886
1.71872017058,-1.53080637184
0.346406057048,-0.320805970042
-0.0127662958288,1.15456287173
0.46791935489,-0.0366714569364
1.06482118805,-0.539475965481
1.97581975491,-1.80030341048
0.241159231536,0.488651128732
0.898994239747,-0.249323336879
0.417558195347,0.388150891372
0.362773114895,-0.209298105596
0.578596191756,0.400652342719
0.691890823744,-0.975627239841
0.655484659048,-0.516867962197
0.993105017297,-0.755594197541
1.82909766991,-1.3288385977
0.0465998246409,0.783349608089
0.88014424727,-0.740125217293
0.0514310688252,0.0347740441264
1.26629504216,-0.878413584761
1.36810696675,-0.926220402378
1.36688604842,-0.876838732533
0.0882435595139,0.661704482196
0.325182043227,0.271321108823
1.70356432242,-1.41525375144
1.12407836597,-0.417145602629
0.322317942462,0.591340256444
0.451299775577,-0.377754334687
1.66998898227,-1.23810156687
1.87687795205,-1.44695846345
0.528922433528,-0.377339469961
0.0683302543255,0.0935551537127
1.48008013054,-1.43158195892
0.872095223711,-0.13607921073
0.276038595641,-0.393628117448
0.823285414225,-0.793953765808
0.747397371374,-0.0890189931578
1.67724394373,-1.35842350326
0.898282353809,-0.964549542308
0.544988778488,-0.621188519382
1.35532546717,-0.925113095514
0.42077107943,0.0700705862536
0.662966490037,-1.02112884359
0.0546349783362,1.13566346964
0.316646891767,0.696727497643
1.62193033693,-1.3741724037
0.27989276728,0.222388047851
1.50563435112,-1.27093494564
0.82228640594,-0.788399387895
0.477821456227,-0.785990044196
1.1906202855,-0.937688941398
0.635825785042,0.325269974371
1.56603354716,-1.28002443481
0.200523992318,0.432714295293
1.00177003306,-0.771533635082
0.713321305007,-0.130583486853
0.0428030690907,0.212339336137
1.60256399642,-1.1831339807
1.77841294015,-1.46587444554
0.927191834329,-1.00758803193
0.404900660941,-0.510811802821
0.418224431187,0.490696274837
0.765194161158,-0.806386635466
2.20493521577,-1.92783429241
0.41313852455,0.722642186475
0.256871166896,-0.186690099219
0.714039480753,-0.888150689194
1.1430746863,-0.360507913114
0.258090422872,0.68633158182
0.820026203061,-0.857410555076
-0.680877070271,1.69863570125
0.348824112816,-0.458019882778
0.556170430571,0.0880561306016
1.56221719183,-1.06632173895
0.418810734271,0.517994255701
1.79332813191,-1.54064583283
0.836466377547,-0.337858981755
0.0313046838926,0.99753104975
1.67814795196,-1.46248353845
0.26391465989,-0.161717189768
0.772505289795,-0.00697875186588
-0.0521973576414,1.02542928528
0.611460224744,0.2025229153
0.282428037374,0.771089794619
1.95233310313,-2.00462096411
0.17925771989,0.816383593385
0.630165462549,0.490012927213
0.550767300991,-0.75187338387
1.17003303737,-1.71719641541
0.72953830841,-0.677002321567
0.344318252455,-0.355477074169
0.683641957042,-0.165661905676
1.27772378425,-0.747514715645
-0.0961497208391,1.22193286164
0.312775894323,0.547904954547
1.68989544449,-1.40739974274
-0.132595928469,0.80911687779
0.430294644674,0.374625290316
0.892203780093,-1.01485317545
1.40945805426,-1.12436760749
0.532741901841,-0.50262179221
0.746970367042,-0.273768911169
0.504806653599,0.431662921213
0.299106141333,0.476029347446
0.552021767088,-0.301334877888
0.964083176289,-0.411305943413
0.338399405619,-0.284740449076
-0.0814454140081,1.00040433021
2.2108792684,-2.18997038436
1.39734340616,-1.11317124203
0.219183133291,0.56660396995
0.856297249928,-0.393002325659
0.549562834858,-0.555206510004
0.0139822156658,0.884485246912
0.604542731651,-0.332845432546
1.75573740096,-1.45251847463
1.03094240252,-0.320081988383
1.57335078759,-1.38477653607
0.523491992211,0.373552266172
0.646175835169,-0.973782259355
1.6362358814,-1.65811711888
0.575954764185,0.00365272393145
0.628806787458,-0.721310814951
0.342662290342,0.614508960844
0.386519888155,0.311703942938
0.850231310485,-0.784517914466
0.483242979977,-0.747817968114
1.50621221834,-1.10536683423
1.63983541787,-1.41676312383
2.07162480084,-2.04200250315
0.757517291264,-1.03227703983
1.06405480566,-1.43975953064
1.58190336102,-1.08048845776
0.0613957698817,0.292830353686
1.56341153038,-1.11970226759
0.60947985733,-0.950342603731
1.03210697342,-1.19747624103
0.451142796959,0.25748562335
1.52584229636,-1.82194351853
0.117824315159,-0.147188266506
0.562050895913,-0.637789869986
0.497322519316,0.095864779335
0.653731112024,-0.0943339738686
-0.0498984232691,1.39770326352
-0.0761689284769,1.2473005323
0.0629810280732,0.113351046186
1.1758806812,-0.805755577593
0.632529132271,-0.443425316861
0.14565842529,0.878878268934
1.54148913588,-1.21790543183
0.867575112566,-0.271738844638
0.846432133946,-0.161420372588
0.649363510321,-0.0401509885321
0.463123673961,0.320841640633
0.842429500747,-0.0233441275732
2.36607879281,-2.21033529346
0.48956029006,-0.589369683247
0.947603824572,-1.22514081008
-0.309469168802,0.73804452781
1.37181838286,-0.947607039629
1.38578901863,-0.887325237032
0.676282490606,0.040350989848
0.108804565516,0.408287539397
1.21014069176,-0.504618575956
0.669589811408,-0.851450364363
1.31608021919,-0.813205600162
1.8611872877,-1.94372835311
0.0603393858814,0.885733317234
2.0563268656,-2.11533272281
0.392966374187,-0.11633871493
1.39382591598,-1.08651079015
1.49535368809,-1.20995498054
1.11120462707,-0.762583878441
0.661403291188,-0.875645337687
0.432040540888,0.41635538781
0.486900451627,0.339047228469
0.654168897002,-0.745538986701
-0.28187268027,1.35783363969
0.498648163978,0.0176186479215
1.2357134964,-0.925833137743
1.28368245863,-1.40858654815
-0.175657833122,1.0974000983
1.1401451233,-0.992716235217
0.904742630936,-0.407396654528
0.586643351632,0.412894686387
0.41688891495,-0.505443719004
0.827636853765,-1.26628840137
0.526398833628,0.461867431903
0.769050966954,0.0716581069288
-0.204128002799,0.830047328161
1.25896446673,-0.653536034794
1.56927317616,-1.11413126219
-0.048014982746,1.13895584599
0.890577688235,-0.617723105856
0.582099761559,0.28468646016
-0.0635526819144,1.32460662968
1.69367999375,-1.27436807646
0.435899110003,-0.281806115415
0.348198652332,0.413424815012
1.02416396675,-0.545953891862
0.190568929835,0.38638965308
0.495672209741,-0.603097332452
0.145450297146,-0.25370085843
1.43123654006,-1.09835584532
0.530847967687,-0.746419577791
0.146444585754,0.773585122021
0.161978329827,0.78394710303
1.22846531515,-0.925843192461
0.305372495169,-0.12042798944
0.514835318772,-0.337276490403
-0.0503946853007,1.08844311783
1.54497291314,-1.5150159822
0.55566858808,-0.754148307188
0.37360274585,-0.384034197529
0.30489145057,0.395541474378
0.277826294753,0.470738465081
0.228861729704,0.538465897733
0.248779354432,0.729870115879
0.98594775834,-0.304458807345
1.81511259382,-1.69755342783
1.65915275414,-1.58724029738
0.800061609724,-0.246821863532
0.995453608605,-0.896482515258
0.691807364562,0.312895179249
0.520039795572,-0.0299628812183
1.17181710591,-1.45566121811
0.578165261507,-0.52480098353
0.621494179098,-0.773842186975
1.48872923417,-1.22830394815
1.0954879648,-0.722972557832
0.405023212941,0.407466481709
1.74523449931,-1.58495268672
0.39593485773,-0.0458311736205
0.379997414175,-0.340389397882
0.552333576818,-0.642234495299
0.401741924178,0.699271376456
0.616577031638,0.0218527648227
0.991175533027,-0.844969812175
-0.0401381000896,0.597883022108
0.261757622862,-0.262871449429
1.59607145231,-1.97916646769
1.31516601594,-1.08093679812
0.714195120588,-0.108367929826
1.61163073032,-1.25105973709
0.924150255114,-0.930559758617
0.472737706456,-0.510632659251
0.380591771298,-0.16919279947
2.00561099739,-1.7366969254
0.675140678901,-0.635737299768
0.478330030991,-0.668988690747
1.2740875836,-1.09076494816
0.685238644523,-0.895547311329
2.27256889026,-1.99640990011
0.469642134655,0.505624151648
0.718913615514,-0.700131109635
1.84299428619,-1.67608873744
1.08648959217,-0.719035011184
0.53094366505,-0.161477210442
0.201155980075,-0.0102613332087
0.879234570661,-0.90158877118
1.51426216513,-1.21439745805
0.261815448376,-0.156009129778
1.41363470954,-2.04326989534
1.63886224934,-1.35984112102
1.02807051067,-0.759825467185
0.432254787579,-0.785232218546
1.09942526933,-0.524438870234
0.595936045928,0.0964857283053
0.738938281228,0.195894364494
1.30585432478,-1.02492996862
1.61156012259,-1.13480696839
1.04396783867,-0.446532958423
0.804594062588,-0.101934917513
1.03803275961,-1.31167502214
1.37705543498,-1.12765343333
1.70681484767,-1.37378866677
0.0237164843628,0.180989595932
0.128269325046,0.60736860494
1.11174064239,-1.81022924634
1.38979101144,-1.12935291201
1.52947495841,-1.52462655746
0.502819855448,0.0911107960364
0.210773491562,1.05577721055
0.829969911201,-0.0448724802455
1.40585982337,-1.00484580387
1.29438295924,-0.743101665267
0.970448680577,-0.564338366406
0.638516291675,-0.64779935854
1.08590975676,-0.717072201053
-0.0475586596467,0.320693960432
1.71208586408,-1.4289848501
1.64062637128,-1.09969594112
1.86209634097,-1.63435682241
0.619918067091,-0.976751772352
0.315956725335,-0.279548353884
0.223320481744,-0.00214487399976
0.65699249836,0.054671908587
-0.247309660136,1.23819137852
0.542882479418,-0.661168657536
1.49664195829,-1.05579833651
0.814957355096,-0.827073711581
1.40281188127,-0.854039864096
0.40191275164,0.730633081011
0.215559170201,0.643065095038
1.5514403697,-1.20756473884
1.54326626509,-1.31657728073
1.18307301143,-1.59093363651
0.252816159647,1.00095262149
0.955457474835,-0.383033627527
0.242265747046,0.699064664511
1.1275773684,-0.726709976009
1.45028752218,-1.27631939745
1.44982502017,-1.27533857671
1.46750096751,-1.35527962543
1.43217118531,-1.38237587332
0.476969260379,0.163314686283
0.526025432551,0.193846515356
0.12869491421,0.90042080293
1.42771134711,-0.843403171171
1.65978543605,-1.51471258538
0.314601414798,-0.345780160554
0.680258426561,0.00519275856273
0.323057845376,0.266829018645
0.829161435104,-0.140338080771
0.126743839734,-0.119214718955
1.16415882328,-0.860757936625
1.41273795534,-1.14699882226
1.3554963559,-0.979975098557
1.58441492466,-1.3727557861
0.915789335289,-1.42581661952
0.39805061628,0.392430123419
0.289369905388,-0.261921424264
1.43334846027,-1.07200883065
1.20094496096,-0.753313664761
-0.18797677893,1.21486243158
1.55267018108,-0.889916105148
0.669017352983,-0.923492805276
0.570972260813,-0.468297602191
1.10236510578,-0.564600928977
0.446728370782,-0.283400942131
1.09166927677,-1.20685353039
1.45662303883,-1.06608774289
0.933970578242,-0.76634374476
0.388060951646,-0.416764451273
0.40631938088,0.757809155961
1.02711518012,-0.644251436112
1.50798416048,-1.19952018967
0.186889078879,0.745768017127
-0.0898570771918,1.0523994663
0.34734469551,-0.134705598571
0.607050033445,0.0312205356408
0.223023197821,0.476852357193
0.949909537578,-0.949240104249
-0.232623104353,0.667636912706
1.68584922571,-1.39247747431
0.611696759447,0.0310703658337
1.62760289845,-1.05849003244
0.2753141524,0.729458331749
0.811707632801,-0.763477241843
0.725966589456,-0.738987484284
0.554927973642,0.0178787872586
0.716806824697,-0.817981205641
-0.296125954046,1.2670621447
0.250893446535,0.506835418925
0.844391519193,0.00969480201978
1.17187377649,-0.75660194699
1.01367088027,-0.695149797874
0.956956211803,-1.15172632387
0.571104951943,0.108075295702
0.451478946975,0.397993392888
0.905942633442,-0.00385062478829
1.90984485959,-1.65869217174
1.12353057692,-1.09302851263
1.1233860389,-0.693522199736
0.968216708049,-0.11481226596
0.660784724178,-0.507397173346
0.186107395466,0.641989459632
0.718858995334,-0.0882679669603
0.826313005321,-0.909014138243
0.0241307494693,0.867668918158
0.725157901032,-1.0050792319
1.46623003143,-1.09328540999
1.14683108512,-0.674553168917
1.44357641574,-1.52649207335
1.40069108224,-1.32758040353
0.468352335147,0.0427453163124
1.62801156416,-1.35512202989
0.73548030469,-0.645048595032
0.452435128875,0.348307778122
0.624752660603,-0.00735528504007
0.522528615126,0.00826544953057
2.03633774072,-1.79001479552
0.639546732062,0.533156702387
0.8974207477,-0.272590578135
1.81007452238,-1.43610930112
1.34032867908,-1.83740447686
0.597417624305,0.239553452283
0.371630168343,-0.351607588495
1.00077673762,-0.435495418774
1.31797454775,-1.21255802083
1.11849426928,-1.25770477132
-0.0803550804192,1.10103087889
0.350339727003,-0.474254524738
0.301320443531,-0.440625405916
1.15234503315,-0.48007016709
0.730868307273,-0.395962391549
0.325210543101,0.725938760611
0.857947894162,-0.167768233921
1.04474731628,-0.392636073398
0.224338481085,0.0875537213763
0.165261727493,0.832855389536
0.105294895602,-0.224728415137
0.781999902335,-0.0943804829803
0.53595610854,-0.660833210161
1.05627982621,-0.59755719476
1.4162929884,-0.992293848335
1.98656896377,-1.84255659856
0.692097433409,-0.694164480991
0.36660917574,-0.45797621454
1.12044312969,-1.56108524021
0.766795175396,0.088735476525
0.353384367656,0.707048932464
0.871707041912,-0.215929355478
1.11219013524,-0.253080356114
0.714030817722,-0.126993396115
1.17729681553,-0.617222209827
0.64681664927,0.172801465976
1.10888950009,-0.270142457095
0.76949480323,-0.255716603678
0.0586411336478,-0.306364413211
-0.193877227651,0.853095764334
0.0374572859677,0.166194828211
0.781763294046,-1.11007934211
0.106187328122,0.860093009118
1.79772218845,-1.29671814412
0.91410784871,-0.403937959401
1.13986206784,-0.500993834148
0.395869589967,0.496054290394
1.69031709788,-1.64859291967
1.3007732106,-1.12744958049
1.21472466585,-1.31675818799
1.60902582345,-1.28957767111
1.32148339937,-0.575773394314
0.30139703959,0.417436154079
0.611537757495,-0.662796070679
0.876729569477,-0.216317890928
0.776816280042,-0.230368821522
0.507973097209,0.351808066806
0.549363316601,-0.528129213395
1.31980834588,-1.16952469366
-0.064752651832,1.10560020102
0.660531586185,-0.73103016378
0.311021469786,0.287448158754
1.35566671153,-1.19517883626
0.077336575443,0.533758977193
0.0610117928189,0.288482685693
-0.0398019382186,0.999644609325
1.03105868179,-0.350133613067
1.03552735488,-1.25460268745
0.747251966272,-0.812740795742
0.535018176447,0.288500620721
1.73685081797,-1.81743931792
0.131304184197,-0.354504575769
0.717171724941,-0.922037241454
0.33562208859,-0.219543618281
0.119865943841,0.0486974237852
1.27532921703,-1.02084858661
0.900361565445,-0.949738342525
0.388305101521,-0.47984134615
0.655791387578,-0.264002275279
0.294590252221,0.656302456246
0.565578410672,0.215007505319
1.13513595174,-0.59723103096
0.155554410156,0.488441284179
1.41249393321,-0.81914131466
0.738137642516,-0.543297988103
0.254914528806,-0.122420813805
0.609044943406,-0.567423914485
0.822952482987,-0.200334047692
0.756014086696,-1.09203844379
1.90722630121,-1.82578616284
0.584333218966,0.234874938442
0.983864892362,-1.32225688988
0.372166918874,0.422791002865
0.502097337719,-0.513553419573
1.00063362711,-1.1588262262
0.483580745354,0.17781328659
0.87413677565,-0.077771578439
1.74353121924,-1.69851542638
-0.144593298726,1.36882057375
0.404081946768,0.178124730786
1.21680483949,-1.0755403694
0.203201177665,-0.221453058663
0.40712131722,0.59689479146
0.337554431656,0.692222764503
0.204673741913,0.536516544129
0.527155674132,0.108419395834
0.109911451889,0.56042674695
1.65209834531,-1.31831730923
1.1899013016,-0.788823503573
0.66708532387,0.278031258541
0.713556650951,-0.767621872731
1.09103442339,-0.699184071639
1.43271217259,-1.13251083051
-0.111486330906,0.75250884784
0.940795636045,-1.31728941589
1.79679091937,-1.71915143769
1.94121495836,-1.4664295811
0.275410190829,0.671939298423
1.73455263631,-1.52471438769
0.00687056956796,0.804924207646
0.628261371257,0.115471141556
0.61928245446,0.230939781055
1.08963928413,-0.694233837573
1.4327705656,-0.958638350374
-0.00841204221993,1.15148277224
0.101364938994,0.843781570972
0.490683061619,0.524942621346
1.06311455894,-1.02766255066
0.55347165281,0.0500894370173
0.0617990596651,1.19765456022
0.0670811016223,0.153663524129
0.746895673417,-0.81411045056
1.08737344472,-0.64369109819
1.19168201901,-0.647484916725
0.782078595885,-0.306551498246
2.05903806097,-1.89919363645
1.73362132559,-1.65312699679
0.222287149411,0.570487587659
1.38411481345,-0.71105957879
0.819208871642,-0.360948000898
0.524513804945,0.257309048332
2.34194235241,-1.98614832099
0.609320324078,-0.447560146103
0.602604479775,-0.628223760932
0.608898374953,0.00850868219451
0.157673395013,0.646327762999
1.32429730291,-1.02064520455
1.35883199709,-1.06471955091
-0.0331039562178,1.18048434205
0.585030986049,-0.516795882358
0.569094081459,-0.618923206993
1.31034496016,-0.959469492009
0.361927735523,-0.416696937675
1.19091365108,-0.650867901666
0.433670814442,0.534623997143
1.19488268323,-0.543720456525
1.05024700813,-0.430514594452
0.0266598002773,0.923679298519
1.34097096805,-0.919759668874
1.1047458891,-1.19974564137
0.366159364116,-0.166619172351
0.146232716496,0.528092892542
0.0236368471151,0.804743811052
-0.101578228202,1.0347672302
0.629823979729,0.0751599489815
0.422995045583,0.603803773134
0.967658640847,-0.998948707026
1.43799987007,-0.965679288948
1.70563439318,-1.72434790358
1.74144008744,-1.45569129022
0.525655097782,-0.469635638848
0.114814550049,0.0957605072958
1.12579061295,-0.392129229071
0.48547354281,-0.42214579099
0.228131110065,0.783607949116
1.20741425635,-0.474950516884
1.14568095412,-0.442491671057
0.425501695994,0.50602930252
1.03352230297,-0.82735784482
1.16998543204,-0.728705344013
0.679819925055,0.126023065674
1.26046851943,-0.876299077221
0.651275995817,0.034180415256
0.410357499839,0.27674092503
0.611839020541,0.361528901899
0.825832453969,-0.94289311196
0.522441220199,-0.441923580488
1.72820379551,-1.44739928397
1.42485512632,-1.3042944727
0.746572374999,0.19810808926
0.83131088871,-1.21321133255
1.42370922305,-0.87629292364
1.03157712129,-0.538583184161
0.300228125812,-0.3789545516
0.730857088722,-0.116262037546
1.67114512722,-1.45156729197
0.561776015498,-0.0153880813531
0.392858863999,-0.434589044242
1.2062805172,-0.61399467317
0.942879087191,-1.08580913283
0.266718371043,0.666782020964
-0.255598072609,1.31391032082
0.359321068086,0.316815234297
0.143764430895,0.346261623052
0.0459153797012,1.14147801371
0.907785390156,-0.558849328865
1.59970955471,-1.47280366491
0.480392196992,0.339463753207
0.321750412498,-0.325704474614
0.608483749598,-0.587524270364
0.000280502739421,0.878803241675
1.4996742599,-1.34854919785
1.98580208201,-1.66971762351
-0.0233623606952,0.411428618633
0.528741411885,-0.533364770169
0.960202903279,-0.920822985895
1.576469178,-1.31188743205
0.149567213529,-0.296632027278
0.387867835153,-0.320312905905
0.594757082135,-0.539001937097
0.344814891501,0.729623709891
1.18496726776,-0.986194026958
0.109375182852,0.916210063517
0.29825159202,0.116943415299
1.03292664163,-1.10252824708
0.669988493382,0.0756739320288
1.45040963125,-1.02809846651
1.82635378659,-1.12671584922
1.58364145193,-1.92896036742
0.92035939616,-1.21980597768
0.302772046358,0.467153836656
-0.228574176294,1.21329390004
0.835200115015,-1.12208695936
0.948440604261,-1.10706727411
0.637817034148,-0.587002662392
0.302448026553,-0.414529670938
0.51825187874,0.157411784695
0.437709795972,-0.469252422588
0.96475606662,-0.496523318915
0.856992021965,-1.25272692116
1.49643983138,-1.06523539974
2.08328551258,-1.95530591186
1.30759540312,-1.68843171922
0.851233257057,-1.11954786899
0.863679891124,-1.09257980201
1.16935241136,-1.25203838161
0.857317363833,-0.143956646739
0.60558586992,-1.05173959898
0.952263892457,-1.22867199764
1.29909326733,-0.805379765351
-0.0141421307196,0.655076519124
1.32663592723,-0.749426206558
-0.293692666138,1.29524457185
1.26864230123,-0.902555864931
0.463705231684,0.153402762087
0.582084060867,-0.703418953845
0.163206531493,0.819389683707
0.542486718429,-0.526497991083
0.727303536868,-0.955024609367
1.6152013117,-1.25521337066
1.48009853103,-1.634799273
0.198582244482,0.0308935977435
1.03190057347,-1.45819118521
2.08845060223,-1.78024431249
0.896089331808,-0.0836018457715
0.824393248813,-0.0694351962514
1.05038620538,-0.54196489781
-0.145837851046,0.565274739489
1.72170939023,-1.51953907052
1.27743223658,-0.935231043554
-0.210794340277,1.19141431883
0.0669930555447,0.969976207177
0.260806980314,0.638585734407
0.727571327344,-0.0364467568636
-0.128050267085,0.486047015683
1.69955465753,-1.24803240366
0.988159458328,-1.63597154851
0.197570740199,0.756467050441
0.296570828956,0.495630631936
0.423829446475,0.699539379056
1.54242437794,-0.987763247457
1.1843344538,-0.778511726605
1.51160102375,-1.24771988408
0.0975168019901,0.854349588895
0.655443120309,-0.753381030876
0.989224509438,-0.550426241772
0.367660467003,0.809754341341
0.489826537413,-0.595637999685
0.931425475811,-0.549498145366
0.00592926706399,1.16083153266
0.671020561715,-0.0594665562266
1.32481396653,-1.08169815001
1.39475583526,-1.33868607354
0.472528277844,0.381188807252
0.294614552812,0.599545503966
0.411190278349,-0.351771825462
1.45768236019,-1.27080827728
0.440337089757,-0.455447889297
1.68196414531,-1.6497404074
0.579710721189,-0.908186085995
0.82034546228,-0.791197378849
0.509682574082,-0.579429979342
1.39194536074,-1.0606239083
0.213253123289,0.589433404463
0.41772146321,0.489274078432
0.19500230145,0.960028112128
-0.0150707306999,1.28103380935
0.29545268045,0.631659701817
0.46261273652,-0.321122890499
0.958499976478,-0.368307025442
0.00207367288693,0.127418048545
0.237314883384,0.115390394804
1.65087218165,-1.3575484253
0.418941230676,0.305347844218
1.20311691714,-0.537740905837
0.87818228085,-1.10040644884
0.444744034044,0.510190261112
0.809821959859,-0.186869922492
0.76870353322,-0.728854875295
1.48611177609,-1.99478723239
0.437683434796,-0.419564831596
1.79746931,-1.84819824185
0.811191429723,-0.19062256689
-0.177089116945,1.200051956
0.0670609954236,0.208463927962
1.57077125364,-1.48748090953
1.05282150863,-1.336002238
0.463900753741,0.466345767333
0.503229864397,-0.414775934576
0.723056152858,-0.725208634601
0.427667951957,-0.479351104799
1.26364923176,-1.05501296202
1.20951563878,-0.67786581801
1.16454953754,-0.465715047473
1.30420468784,-1.37390717008
0.54877060675,0.227471577752
0.779189887011,-1.10280823057
0.631891157014,-0.676100941103
0.0649169546604,0.0253464250112
0.0364368476265,0.892161723257
1.12779820902,-0.71911023943
0.45898031251,-0.578935464811
1.0425135749,-1.36377918476
0.686038142545,-0.00994629330203
0.0205361587712,1.03409547573
1.46274140103,-1.25725503591
0.504099739833,0.138360569807
0.120768795651,1.0081960412
0.557722642259,0.0816434214447
0.160934074482,-0.213594466135
1.3906756129,-0.919373462843
1.54007209926,-1.18922111916
0.714473106937,-0.934189544683
-0.289063897479,0.485969320832
0.594419653882,-0.600984156473
0.0126529072785,0.0689805565798
0.447925863276,0.00697527046176
-0.0639119057828,0.95113131828
0.137450346749,0.930385383841
2.0981454549,-1.74637183911
0.577329704886,-0.659323568341
0.276649373894,-0.145919651535
0.917722846363,-0.32056738356
1.32177883286,-0.887792488972
1.30676769571,-1.00832771804
1.84763163858,-1.49727058948
0.928279746202,-1.00363987999
0.85716745014,-0.895958222514
0.590137693954,-0.486647951656
0.675254912358,-0.868369215123
0.936097877111,-0.995034848416
1.82277141954,-1.10726611415
1.81344561012,-1.44218358855
0.936945228571,-0.176233486997
1.1463432898,-0.609709194242
1.76660935586,-1.33542774551
0.416754531396,-0.379753299351
0.454301152429,-0.199917534237
0.702571299988,-0.221487347674
1.38678806608,-0.987801116244
1.23716695933,-0.681872478229
0.548805417184,0.265001934898
0.843742789837,-0.33778282668
1.17925417674,-0.485578576068
0.94972529751,-1.05076218654
2.02023625731,-1.80892159175
0.368898836212,-0.283854543266
0.670844691345,-0.785141337542
1.7742068041,-1.36090567748
0.0576776625809,0.84698250416
0.767297054967,-0.0543453875307
1.60221834967,-1.15437644258
0.510313295864,-0.468526009676
0.59956354966,-0.335566983294
1.73613398506,-1.48181354027
0.642773259923,-0.753811296751
0.566004112943,0.257061744916
1.9753400526,-1.54328247255
-0.0432437242105,0.675139552396
1.76022592151,-1.6231296322
1.09687417534,-1.28210876023
0.272416862037,-0.234550945386
0.957970480907,-0.395074601849
0.244806120028,0.683097551861
0.00473727535309,0.164951601644
0.621408536008,-0.823543624167
0.845161295862,-0.174087941071
0.160498151689,-0.111274856726
0.0704340248614,0.190252540949
0.802582678303,-0.876375971216
1.13362426725,-1.52970439043
1.49150308113,-1.01145543217
0.403567630884,0.612273754689
1.10958485062,-0.358681682113
0.835856083947,-0.85816290849
0.826423114604,-0.912181584514
0.895443506497,-0.406160216601
0.365468495137,-0.195617903715
1.80996714735,-1.63405731675
1.15875381974,-0.758863632399
0.980808746328,-0.496966217093
1.12664909216,-1.39061576669
1.07868604688,-1.381337865
0.744453214811,-0.864420274318
1.32084872671,-0.764402042098
1.24432702288,-0.405724127961
0.534347307491,0.405979364652
0.328736757545,0.497017621687
1.94750870771,-1.76428747248
-0.11909449779,1.24135258117
1.59864361187,-1.12167688468
0.164029359572,0.526870707844
0.342013203057,0.738450307147
-0.0441068765076,0.451682361099
0.253196968037,0.430466934777
-0.0626945064227,0.951930917259
0.108303424816,0.2162066542
-0.0179369742379,0.114509107354
-0.146429645946,0.998376907233
0.712833097831,-0.671792179894
1.31474060323,-1.163270497
1.71897978085,-1.69941089488
1.00021927493,-0.241204045584
1.36560203043,-0.883984081547
0.716105670337,-0.0294766081342
1.57280582543,-1.3043982517
0.799937005651,-0.0301592281851
0.314502379011,-0.192197098944
1.12959461295,-1.29043844623
0.683804703113,0.0181541829377
0.514781127128,-0.916164676388
0.507709473427,0.410188883278
1.60924067271,-1.43397841533
0.224404353548,1.00097676237
0.205774907432,0.898557208504
0.510048865102,0.137565109195
-0.182415841262,1.51874313557
0.513160893286,-0.646232358769
0.305025231939,0.372437511746
0.396724479112,-0.408440283364
1.44450129646,-1.10670582393
1.54316280143,-1.34136487656
0.453874648645,0.520479626916
0.915345742263,-1.01093128073
0.253664256128,0.207109008387
1.86292730093,-1.50543256039
0.395042044522,0.485358651993
1.53051860807,-1.15472728224
1.37619904211,-1.64776614143
0.0712176655607,1.21612247092
0.566017943194,-0.631066842367
0.774215402181,0.0612162471776
1.0141180112,-0.542659035213
0.808377575604,-0.0298873771201
0.550336824135,0.085032433798
1.15497992001,-0.890387477695
-0.24098998555,0.871422981327
0.834546548276,-0.143792391116
0.466211503343,-0.484209920074
1.41771609939,-0.970924463613
0.414974520154,-0.589426583882
0.0133216268347,0.971635484653
0.375610403189,0.04134904077
1.59515356814,-1.12929102122
1.04977536957,-0.279289495807
0.511853499651,0.24049928864
0.844053555896,-0.870846982706
0.471986436062,-0.473933151471
0.739117426995,0.338945268611
0.181176208492,0.850241834634
1.86500192894,-1.94304632227
1.04797768806,-0.706788670332
0.673837189366,0.444571116906
0.596108562898,0.361864651705
0.823261283908,-0.856371522811
-0.319934685634,1.36036107561
1.49268904754,-1.19538767605
1.46263122553,-1.25928933255
0.602851849133,0.207075744534
0.427896951597,-0.166220164719
0.944682770535,-1.19346703141
1.72425504357,-1.40807554966
0.529218093042,-0.41903929877
0.955577107671,-0.882639812705
0.44678504285,0.193732860273
0.258398237807,0.579561126552
1.546106955,-1.31639550236
1.27810678532,-1.08742835863
1.44983739623,-1.29575537499
0.289093535879,0.314645305532
1.82755938557,-1.84444367019
1.36312792249,-1.05563957815
1.45634919063,-1.07879604939
0.74309959556,-0.859544879926
1.18182311406,-0.682952344727
1.08682895441,-0.938597240868
1.06759620928,-0.848381845289
1.44511671553,-1.1136836382
1.36119089001,-1.19258677116
0.533582834124,0.249727790829
0.884552504481,-1.04798640409
-0.0540692095522,0.082854093403
1.20139659235,-0.816055569722
0.0144248004039,0.168688340505
0.725777501797,-0.208840366864
0.326776073308,0.614452801377
0.651040898547,-0.889170133992
0.572291613017,-0.448929694084
0.447372433466,-0.238501310059
0.270949354422,0.236843368722
1.31992565866,-1.18709650785
0.154412783549,-0.0168952838155
0.279919934585,0.77579361763
1.51366074546,-1.09204012558
0.670451520126,-0.995370351781
0.816057197072,-0.79527526322
0.223857341191,0.551256605746
1.0230105918,-1.22821500343
0.303447708028,-0.462677477157
-0.145546376968,1.12728475315
0.474407300732,-0.622011084919
0.775941348182,-0.176829466657
0.876906246758,-0.53087541351
1.08446806446,-0.321098774467
1.55857665923,-1.17547547688
0.306801065669,0.689318512297
0.67001173179,-0.746331465088
1.66083635794,-1.52108190672
0.34496810991,0.588724577055
1.14568516676,-1.25393156269
0.0670966124582,0.703535766003
1.44048808182,-1.37343867556
0.987285023696,-0.227410132537
1.46690675814,-1.13005849432
1.35501485064,-0.715970995073
0.896681004033,-1.14928327155
0.759072647155,0.0278344682694
-0.24644173353,1.29018921671
0.38694749566,0.640990553432
0.669853796708,-1.00630017997
0.358165139858,-0.286512627106
2.11755487992,-2.0401908381
0.772046436722,-0.68438637237
0.579839060523,-0.31811192572
-0.301829294289,0.45465243485
1.82011428214,-1.50156762423
0.958792350545,-1.35517249262
1.81949487757,-1.48508229053
1.56710442167,-1.46135744132
0.472368415133,0.441763082465
1.45316505052,-1.33704005444
0.503312578747,-0.315053695265
1.60294676557,-1.53261970856
0.731762707388,-0.773107515585
-0.324457337709,0.468292204558
0.545787529899,-0.348709777938
1.64283357666,-1.25561431811
0.665480174097,-0.865176062988
0.636017308387,-0.423368991447
0.631076371425,-0.744292385259
0.264990799343,0.79275164832
1.14688643502,-1.16607767284
2.22531951418,-2.34733593863
0.265344357378,0.53491147929
0.0812778197783,0.929260570904
0.471943379855,0.253483711508
1.22923198181,-1.29593975541
-0.164689984607,1.28709561553
0.752279789821,-0.207848655896
0.262597372367,0.679678663033
0.0589262340101,0.85571158405
1.82695617981,-2.38872855772
1.53139129396,-1.27638889612
1.35128171681,-0.969206870926
0.623169628225,-0.0808174327466
1.02305083517,-0.435435833449
0.719136085798,-0.387540860538
-0.0518904178507,0.991878974556
-0.011411953556,0.755144368117
0.55041458816,0.32835059934
1.4729925001,-0.897655988349
0.873983307454,-1.10382898074
1.68522403529,-1.45321494788
0.0580694960975,0.82553275223
0.458855251329,0.00134897142684
1.86057320098,-1.70899619405
1.15502097419,-0.908669879844
0.990654094708,-1.41771322145
1.81130137161,-1.61446383249
0.504940751387,-0.674850350289
0.262952164565,0.526698435106
1.35451494049,-1.19298687598
1.60083784911,-1.47382812107
1.46766602023,-1.21967634032
0.136778763363,0.132394805194
0.935838880645,-0.581672816425
1.52978412341,-1.05687668204
0.313381779008,0.377241812827
1.16000399295,-0.526566151807
-0.409783330755,1.29874328691
0.485639963704,0.561234618897
2.09170189395,-2.30401226904
0.262788386947,0.472118604758
1.24107871872,-0.627652003786
0.314944995866,-0.229348833293
0.86712371912,-1.37954753884
0.477307891071,-0.575869906905
0.591921976745,-0.856911435017
0.0694745995792,0.944677910508
0.453272222769,0.289595418539
0.423304185863,-0.467956321199
0.900449680204,-0.558884527442
1.47360705935,-1.35084589241
1.37985409297,-1.20920495895
2.03762396373,-2.09992451719
-0.0346242483356,1.10037838135
0.475877522996,0.303617514284
0.26302400629,0.677644083912
1.9986487609,-1.67023865061
0.777249254353,-0.254943568216
-0.45176717632,1.6213788055
0.09902611109,0.375482613937
0.689670984991,-0.0330065563763
0.455910274107,-0.538793530085
0.109541720906,0.915663460957
0.191616972193,-0.286751911213
1.95166920526,-1.81131475919
0.314060295309,0.488106942963
0.570675491248,-0.563082988343
0.904916472389,-0.879764994168
1.50189388861,-1.1659776242
0.782264407327,-0.843340719034
0.284054891034,0.0667197309161
0.788567176452,0.138639225824
0.336780204755,-0.198673488014
1.43194006363,-1.32902796582
0.32015415136,-0.401364364275
1.62373383576,-1.53536504828
0.692281315136,0.034739781783
1.22576463048,-1.12840143161
1.12441346799,-0.688143047752
0.300928181216,0.316186905901
1.68338199455,-1.7067866719
0.881237893017,-0.465037741191
0.462600738143,0.280975842377
-0.0805500733064,0.925484033778
0.679312494532,-0.721688554315
0.475298604628,-0.547943759308
1.93307099473,-1.94444315962
-0.0192116837831,0.060185448065
1.42069222129,-1.03380119598
0.344801333623,-0.637545743848
1.06867527707,-0.789860632605
1.19598867503,-0.876129633623
0.289047714158,0.63112988236
0.515638878733,-0.641775661239
1.18999143375,-1.4327483647
1.94152226137,-1.64740579834
0.628077142347,0.183647292827
0.0969592675677,0.0643801990223
0.769658784231,-0.02548263869
1.21720214291,-0.79134945889
0.147020677685,0.609517180596
1.65710856773,-1.38031566719
1.46488074925,-1.41613706324
2.0306197482,-1.83712964995
1.30309958693,-0.731406115922
-0.318829334516,1.32378613128
0.89280290517,-0.301540597922
1.24185448609,-0.405589458014
0.470556333729,-0.459273930419
1.45972292214,-1.24333247055
1.94733813935,-1.83049976776
1.6342785545,-1.18404840274
0.59850073832,-0.515961570713
1.1679390518,-0.676109635186
1.02510227306,-0.481393377907
0.751828144421,-0.943527102271
0.301264095354,-0.0249410962871
1.80374322326,-1.68895075389
1.76574887858,-1.28578775233
0.531544324737,-0.615817608238
0.335591963985,0.406419476973
0.658984719762,0.176697846692
1.3732400853,-1.09822769886
0.452193215323,-0.468716793842
0.291248903101,0.0283549470252
0.758837886779,0.0232984929162
1.86216164151,-1.46014396499
1.20736617348,-1.52575091178
0.234523906349,-0.153492449972
0.115259645158,0.86847311046
0.516486763292,-0.651189773674
0.110749594646,0.389544023231
0.418671375066,-0.528252949206
1.59821352323,-1.44948542827
0.512205660583,-0.445118597059
