-2.33926727311,3.29155596374
0.94556135615,5.07479155219
-0.89621847602,2.98917749239
9.95463716897,-2.22721121649
-1.99292659234,2.98163248553
2.46801721539,0.87199436949
-1.44140652955,6.81745037978
9.78163072157,-2.17411802054
0.750002563257,5.38939148324
2.21403499436,0.828915169343
9.18162845152,-2.13843810617
9.90003205476,-2.95082798034
-1.11043315501,8.28507744823
-0.849423837166,7.81059346756
2.20784418661,0.63232924106
9.51030697739,-2.28569224352
1.00620282862,4.43989968143
-1.8159270608,8.06676189656
-0.792780041917,8.4583440417
-1.34260571301,2.55806518648
8.50451085368,-1.59767761368
-0.761053247805,7.76814473989
-1.12261735311,7.66578697282
2.14205630143,0.377005883571
9.4589244968,-2.09429318742
0.412512166524,4.65365798757
2.15759427024,0.440131268064
9.36696013684,-3.01466052011
0.0624620680448,5.23280911506
1.20370466944,0.817647745272
-1.94689632132,2.90236849059
-1.59111348365,2.36544587215
-0.843376909089,7.12512143197
1.18467872674,4.42938042142
1.63322141741,1.09256223886
0.766189582823,3.66617957654
1.40064081784,3.07093260221
-1.68065915714,2.9288131727
2.12486849657,1.36636943491
0.446337045429,3.79069899203
9.06149433912,-2.24703284979
-1.63359204689,8.40240391482
-2.1433407891,3.2686395004
-0.895570752593,8.69106303897
1.43842552929,1.28720747521
2.29073530384,0.655751144087
-1.76630122746,2.48756597124
9.32127943185,-2.74151620783
1.82368789222,3.69729574993
-0.766593767108,7.51145937156
-1.35699969793,7.90685338417
-1.74324263815,7.65350151681
-1.37089551157,8.16734469668
2.87512931547,0.863620948173
-1.33289615687,7.36937353885
-0.794911710186,2.82273503045
1.38464809687,1.57092649657
2.3992913753,0.776895929094
2.29832288331,1.92837384168
1.89508934956,2.04076788928
-1.32637948082,8.23966829572
0.641130408625,3.93188998505
0.819917284922,4.04221651286
10.1096054949,-2.78537306781
1.67831240257,0.631631263244
10.2288421004,-1.70258753405
1.65190114628,0.0144342558246
-1.53365630239,2.86684702754
9.30846373015,-2.16146728967
-1.81807810009,2.99494185665
1.97720876775,0.668150367048
2.48757955074,1.49574194088
9.10731161873,-2.61477120992
9.44982365747,-2.62568855082
-0.880815078848,7.8365333547
0.707928761244,4.28013204413
9.58023147728,-1.62664248664
1.40350944166,4.34318538607
-1.97711382916,8.09314217338
-2.28493677816,3.28083595689
-1.11046424641,7.99912406736
0.736553822156,4.79462470794
9.19524761625,-1.77710552167
-1.84698260325,3.42546274255
2.04242953001,0.751535040651
1.91487827287,0.519532981972
0.584411361415,4.0433049783
10.0439814289,-2.64045328363
-0.933863169308,8.0701913679
0.551304257676,4.41093374397
-1.87533679944,2.79665686103
-1.42137880819,8.08791131547
-1.07320481145,7.68270557098
0.948538197603,4.25549995312
9.27431417904,-3.00736228706
-1.57334975138,2.44475658194
-2.30552824092,3.1828163444
-0.960919115349,1.97889652059
-2.27578185655,2.8609260621
9.4001936398,-2.48332386786
1.71610051165,0.959624081594
-1.91287019359,2.97883685977
-1.27295545789,8.07061093654
1.8813355852,4.28371938554
-1.90303924359,2.49394014634
8.48025220613,-1.95743680742
-1.79540589821,3.17305845697
9.69874766527,-2.42179266796
-1.96908420318,7.81840183811
0.180427775742,4.46375413418
9.6995061321,-2.34435210509
-1.14665599187,2.6138650389
-1.0422371504,2.81671030876
2.23093174601,1.61250247093
-1.42990513902,3.17348557299
0.958592810344,3.77814525346
-2.21214965395,3.16851611559
9.92618352634,-2.58577122133
9.77915499052,-1.29847309867
9.00900685621,-2.62045270802
2.11447580699,0.265161638612
-2.5943912554,2.29609700706
-1.87375694854,2.70150185794
1.34280399867,4.33030384258
1.37913720135,4.92252115733
2.40207039594,0.838965779735
-0.846537105953,7.62233819001
9.45969328529,-2.27538779139
-1.36970228485,8.40566893892
-1.67132624109,7.65702433308
-1.39248286623,3.32767281384
-1.62450329671,7.98445160531
9.44830158527,-2.67408715541
0.980927270101,4.62780251915
1.77400519562,0.721986947644
9.26305418687,-3.01714744087
1.65215042925,1.14441131866
-1.71491897948,7.33465236295
0.011612667343,7.68886066958
-1.72200346295,2.93498046739
2.39364348589,1.1510090333
10.0740567979,-2.34492722345
1.20068070226,4.77537479763
9.04639577395,-1.75583148844
1.83915545569,1.31891205749
-1.7208973651,3.17562037642
8.81902494891,-2.79775984599
-1.37791492847,8.15576338629
9.22701200176,-2.41321103842
-1.72461312867,7.60640738828
0.404551829228,4.74001584612
0.546094828325,4.14809552838
2.60489075319,0.810884837093
-1.4194973063,2.86558216354
9.23194024646,-2.03812511991
-1.87593386152,8.19345731394
2.48728900495,0.710239072841
9.425739583,-1.98106802897
8.72061253534,-1.65083023615
8.56596737815,-2.34370139471
-1.26807597857,8.71726291798
-1.43510990287,7.53231113855
8.81759154362,-2.22092628029
1.04014900204,4.16008953973
-2.11206008772,2.55614957952
2.68190082368,1.36457721011
9.37102521813,-3.07168679919
-1.73475623013,2.63596166092
2.42631827024,1.13669392488
9.25272878277,-2.16378962528
2.29944237401,1.21983616198
-1.32796759724,7.43463188326
-1.97391663216,3.83681472876
9.37921424644,-2.28063116369
9.36250238673,-1.79567950108
0.816972818482,3.68505924541
-1.77626307441,3.5926534319
-1.49815072698,2.19458818968
-1.03032731819,2.65901706367
9.57912445848,-2.50479379853
2.06474543104,0.942418165602
-0.661359523414,7.88262523927
-1.29701034337,3.50925175655
-0.562558735818,7.80968347574
1.36730364765,4.42837968508
-0.991328346815,8.31799530692
-0.842885530852,7.15779990743
9.20327827435,-2.03808369703
-1.32574314262,2.96545625929
1.11715054429,3.91944424476
-1.337260128,7.45846069892
0.241679592616,4.27357695787
-0.898410504539,7.84227606917
-1.11515518492,8.21462497405
0.672820381251,4.31811107867
2.0169655003,0.643728194952
1.76593887242,0.965215512091
9.0028245693,-2.01325739732
-1.48438965448,7.21208510295
8.90165449656,-2.29084068746
2.34464206684,1.16236487804
2.39456368157,1.37705563138
-1.35987636453,2.47246211404
1.4373983735,0.417179754979
9.25969522211,-2.36029739656
-1.87665663219,2.78288065171
-1.32675240014,3.37795880643
-1.32565857387,2.64062775584
-2.02113425732,3.1755582702
-1.15548650878,2.78363683528
-0.549879786029,3.21581569138
1.39968300511,4.48612916359
0.935598175272,4.91920608536
-1.16085050292,3.13086302904
1.5395673295,0.918843402534
0.884966500201,4.25434007676
8.85907177557,-2.40329842268
9.34161044812,-2.5909211541
1.61661265198,4.48202629068
-0.95583243914,8.0311149781
1.34225441801,1.27766809791
0.855789986944,3.79618222829
-1.75109924159,2.72374580784
1.60332230094,0.448477382234
-1.64750841575,2.69440856695
1.50672088557,4.22282115133
9.6247804798,-2.72522644573
2.57063549929,1.05358615884
-1.64606240313,8.39082483174
1.82008878405,1.36700357753
2.14199556986,1.21106106296
1.90195596669,0.3292358495
2.1895709022,4.27052122762
-1.45235467016,7.38922725437
2.21704450124,0.832608592318
-0.839120951847,7.87178396634
-0.791623812073,8.4835966541
2.03759692547,0.470643895056
-1.51322171454,7.76069110462
9.15276870113,-2.23524030479
9.29729980833,-2.53962575838
-1.58254634487,3.14511875299
1.59110041429,0.254167593529
1.64598356575,5.15693745666
2.20145884854,1.34636675129
1.25163731528,3.70011380094
-1.62661249241,3.10879593948
-1.13818111215,7.48449455363
-1.33889375078,2.35978490995
9.19434035023,-1.78145720991
1.92402862757,0.114203396176
0.671158476842,4.88781793324
8.96646972435,-2.60614928501
1.67160389021,0.907995549962
-1.4564896976,2.8205274711
-2.92948947944,3.20788567637
-1.3216351471,2.75697169695
-1.27946842294,2.91828722834
0.817225791606,3.57637394256
-1.74239985691,8.06598004271
9.66370455813,-3.3464821765
0.950408795237,4.12773965397
9.23655837902,-2.58004748347
0.810138251472,4.19606669754
-1.38029418708,2.9740285458
-1.7399164297,2.82627545917
0.883163424273,4.69986783788
1.32126851029,4.46411909531
-1.21229274405,2.78344044108
8.85992162561,-1.50952103495
-1.96475055749,7.85084541098
0.837168578399,4.19872732975
-1.90603802874,7.13850175399
-1.45226542803,3.51599583857
0.532790246589,3.64146157409
0.890476006435,4.12610504613
-1.07630505542,3.18662788831
1.99295910636,4.2847716092
-2.06909157318,7.57504118479
0.820457827105,3.94620098297
-1.972705932,2.46668139702
1.81667161074,4.71150742367
-1.54512583599,8.04876355592
2.09465668335,1.32009975399
-1.33355132546,8.0280726638
-1.43365618619,3.18048872844
-2.4014595963,3.14661689485
-1.90138772859,2.99543487399
-1.4133548691,2.7420231631
1.93087274118,0.780854018113
-1.41983621616,7.27343299576
1.05127315146,4.58955147405
-0.689671125604,7.76530592205
-0.653898300989,7.25405945267
-1.79314081182,7.65827984538
1.05611184256,4.12298590615
-2.62380797486,3.4195983131
2.19901184643,0.835663013509
-1.41610377065,2.50478932363
1.98505677048,1.3697555945
1.31619814159,4.69412066256
-1.68179241863,2.80416245891
9.80207513638,-2.83728584513
2.18397315857,1.33801894379
9.00939910011,-2.53226160276
2.47097597357,0.838008053344
-1.0525239542,3.34575742498
8.74130868033,-2.65344974925
-0.65168719305,7.68156799068
8.49100586934,-2.01295898854
0.556536668689,3.73540657035
9.19879854111,-1.7942111123
-1.420036564,7.76670250711
-1.82387823052,3.01373998668
-1.15852709198,8.71105264173
-1.1848909814,8.04852973339
-1.04065915606,2.19442780076
9.78646206329,-2.86504152379
0.44564900976,4.8894299597
-1.66190700978,3.31186138025
9.49764980056,-2.5821289805
2.16320771909,0.969195063294
-0.826204657315,7.45150269772
1.36233584448,4.81728316744
2.20378332296,1.89933860922
9.81601128981,-1.677374629
9.30182592619,-2.43079534774
-1.86989101755,7.55977266348
1.13457112835,4.47444331754
9.56185737526,-1.9559365737
2.23815449359,0.810734144241
-1.30109412401,2.89263749833
2.07015790945,0.513291092571
2.3054507273,1.29927690924
-1.29977494526,7.94869362761
2.24542868896,1.14402991739
9.12422270244,-2.58844318855
9.26834375797,-2.66003266691
-1.8557971269,2.17911580837
10.1717999107,-1.85722966935
9.21822364891,-2.52363878736
-1.26832550147,7.95251982286
9.45625097115,-2.11360734675
-1.30206288342,2.36947453784
-1.8201493073,3.14504921669
-1.97985559238,1.95339363198
-1.73373591224,2.91949470401
0.501687269753,4.67289885424
1.61768622122,1.50346314289
9.54926233445,-1.50150463407
-0.526308931009,7.92909130398
-2.01951770004,8.01774613857
1.89254784508,1.3767269712
1.55264022225,0.881780127117
-1.36384713855,7.96752214458
-1.6714705349,2.69802746199
1.64648026148,4.53837401417
-2.04075965186,2.32794559463
-1.13847529399,8.542096776
9.59939232767,-1.69459523927
8.7317956551,-1.80105556767
-1.65244573561,3.1563074639
-1.51509303518,2.86643143939
1.08522316099,3.90386321164
9.41824749736,-2.94982709831
1.66602072501,4.9649987739
-0.94047258048,2.97572360392
0.680861424809,3.02823780007
9.67443710402,-1.97811972304
0.36436875207,4.28515696225
-1.5714577533,2.44508803487
-1.75001198577,3.46534223252
-1.61731240316,2.97302135428
-1.71150242497,3.53986411111
-1.44436112222,3.04744420583
1.56988167288,3.9066988591
1.73129428197,0.495555178897
-1.65916046665,7.75515444894
8.41563716636,-2.58680819761
8.81355327636,-2.54268056598
9.32214641614,-2.03041707962
-1.61141172811,3.13700404856
-1.20989211619,7.88019990966
2.15200203721,0.941412314339
0.693630676708,4.08732512414
0.799695029379,2.93302295279
-1.18766445562,2.51819756634
1.54271383453,0.351183037606
1.92827937692,0.376472226605
-0.761780599907,8.54300865853
-0.802610509951,8.56735418659
-1.4225468216,7.67904698483
-1.34139428846,7.58197080397
2.08563903719,0.905015797789
1.8725937442,1.22362948713
2.26105686246,1.3307174451
-1.55468849888,2.71680594718
0.70769173433,1.29408556242
2.02236368076,0.313842814757
1.87471190197,0.5376265457
9.23395752584,-2.58045375684
1.70413053851,1.01966441834
1.14566156757,3.80905697169
8.81914939597,-2.9456683506
-1.05335234649,7.74087504943
2.6256027661,1.122437865
-1.31358238463,7.5941103811
2.00802665597,1.51300040205
9.68450330625,-2.44722231031
-1.92050214812,2.60990156107
-1.55240703705,7.64951235288
1.70752017409,1.29458912965
-2.06092709292,7.82676475925
1.83202147114,0.864001417732
-1.20300188335,7.40573577471
-1.87586161346,8.00338863886
-1.52993017648,8.04800756443
0.969584112037,4.67341999911
9.4577472702,-2.15088145842
0.250016047145,4.20805420135
9.02978415816,-2.37231660255
-0.813418174209,7.93006416324
1.55496288173,3.62563804825
-0.88701501154,3.1232457749
-1.44153783779,3.68403882984
-2.12535535082,2.75790961276
0.992922653406,4.64934341093
0.192209789532,3.7173280881
-1.81045810643,7.51605672059
-1.67710994538,2.90882416459
9.26467901382,-2.23862412018
-1.59938171552,8.48977610262
-0.595824388334,7.43880883573
1.23007391933,3.72573879335
1.59996918359,0.935899321605
1.31780423323,0.567672896525
-1.90473861445,2.30217196843
-1.67195132864,7.95008200715
8.57644323719,-1.74102741663
9.4957556594,-1.98854359811
-0.734514199282,8.40882977802
-1.21110149577,2.95086070574
-1.28922047528,7.01242052976
8.60614102769,-2.31308389139
1.98180279446,0.858758782718
-1.64220872732,3.30383012089
1.05877271821,5.0557116922
0.84494326531,3.96111583213
0.512799201057,4.14631281338
-0.788261115183,7.64761676029
9.75260632906,-2.1704504759
8.53455593034,-2.73168112178
8.43035136196,-1.62423550458
-0.945569251391,7.95238463839
0.926549846267,3.55647241211
-1.41591198336,3.19147889057
-1.35854256476,7.48505605295
-2.00276715473,2.66768899699
1.78353972267,0.380364331472
-1.50974669038,3.1486051469
-1.96393081239,3.55972484869
1.26576158782,3.59700679356
0.780450980272,5.13595600526
0.42819774833,4.16655369041
2.0502519961,0.902838164879
-0.997620032168,7.05415120371
-1.48972904875,2.54819172867
0.376774833979,3.41790621704
1.23175467374,0.584537856231
1.06595516715,4.28101573402
-0.751240689172,3.2387395647
-1.57998910105,7.5302115886
1.39767065517,4.28799449786
9.35297646182,-2.791597532
1.1680865074,4.60839594321
9.81665387289,-2.08934853647
-0.768297477025,2.17626146847
1.06999381868,4.74327489387
-1.16598073079,2.08694286958
-1.62450589552,8.12445494014
-1.42530787928,7.83668290859
8.99545115407,-2.09649721489
-1.47927842359,2.53065287513
-1.78522179981,7.99307967944
0.666985511826,4.25092378156
0.916104376696,4.78877204014
0.648199982089,4.39223815778
-1.20227552762,8.06270764044
-2.28503204472,2.69314471887
-2.3590128405,3.55236072361
2.79709432605,0.200157274727
-1.46852286319,8.17905367556
-1.18533380575,8.61794575925
1.87511055468,0.235118342128
0.951010219345,4.30316405822
2.67863521746,0.761269445897
-1.11086143499,8.29633423539
2.49290862655,1.85790437118
-0.876499205952,7.80946956437
9.90148319809,-1.80203609009
9.40046051214,-2.82281298996
9.34336247885,-1.64716804061
1.2788027192,4.48714515376
-1.29998856957,8.05859281668
-1.31703320475,2.87540563345
1.41540357919,1.79674389583
8.95427279096,-1.67798201585
9.6343527196,-2.20111697191
-1.6774837359,2.52208156754
1.20039366065,4.29200082064
1.43607584206,4.05514402441
-0.087608139167,4.31293770922
9.24484675503,-2.70073890697
-1.03254227152,2.86070203806
-1.0467144259,7.49537217344
-1.30685619966,7.75022194768
0.960174446209,5.3751227355
0.629807845046,4.54644946353
-0.641860225851,2.82957697711
-0.982471456337,2.28513511421
8.92985310212,-1.64785230688
0.905319921273,5.31931290123
1.40253346404,4.23403278556
-0.531282647569,8.09138509525
-1.76166744945,3.26780553794
-0.825892463434,7.37679699836
-1.19230493124,3.01254397632
2.14142041384,1.29389369957
0.767651889956,4.52045399065
-1.55921469068,6.84298260588
1.14849967205,4.28837830121
-0.504338350092,7.5207669422
-0.570195446719,7.65857563753
8.99338753881,-2.25747292265
9.19972569602,-2.40150618424
0.747887157801,3.8304412813
1.48413740758,4.5269877533
8.70774915234,-1.90834314641
9.14818222475,-1.71748545671
-1.07006647973,8.65063758281
1.51752345906,0.672479309651
1.40430747092,0.185455121127
0.923096258239,3.99770713565
1.10537709815,3.25951990334
0.809453277097,3.87826021945
9.27418896988,-1.869109363
1.5451507499,1.34620549921
-1.55832756798,7.58882078128
2.10001025476,3.29339258568
-1.69972536535,7.91404332566
2.09990970957,1.60699819762
0.77459566534,4.01158525997
1.80858613955,4.20741233216
-1.78621283052,3.17645627411
1.23155070358,4.20358353222
9.30264273242,-2.67925038473
1.28746251653,4.61642444209
10.1489774862,-1.89179783845
1.34541488731,4.9157641712
-2.01893896995,8.11128858132
2.15537594524,0.857894674498
-1.37714481539,3.37407000771
0.81215798357,4.37430406232
9.48841145838,-2.37307487991
2.25126329312,0.628012735081
-1.50975091314,2.65736909836
9.39653611975,-2.92803994511
9.34631857684,-2.33580071583
-1.97929435578,2.96351547733
0.239702682354,7.15587017585
9.96925753722,-2.23468691752
-1.50887185778,2.77039254855
9.28603901011,-2.51029728992
1.67352328617,0.751112398969
1.13663495727,4.62174525313
9.46231894002,-2.08030056533
1.7587627834,4.75126480354
-1.27800762643,7.64533559307
0.993653826875,3.5582655314
0.212122459802,4.47806354138
1.61963056848,1.1123443015
2.20400725589,0.832290154196
2.15299835612,0.932858691429
2.47395134468,0.818771278891
9.25752679995,-3.2520465348
-1.50375103343,7.56943816463
-2.35408354607,3.21174903887
-1.69045101427,3.26845531039
-1.73922061457,7.77837487281
-1.48957733959,8.37988676562
-0.0900440288055,4.69261086267
9.54536212363,-1.58042964665
0.996861411332,4.21955459494
-0.718701641673,7.70379262242
-1.86501313783,7.97521413533
-1.9615832497,2.59194216768
-1.69859799536,7.11736009049
-1.98250973196,3.48063868598
0.965323322567,3.97167341831
8.23512421557,-2.00195299622
-1.49806263022,7.75784297294
-1.5540671357,2.59791399278
-2.26095279167,2.78221971965
1.30166530073,4.31486278381
1.19087434456,4.37058963907
-1.59667012688,2.94760937914
-1.1655667018,7.49062067227
-1.55555168318,2.20691352298
9.41605323919,-2.05546327006
-1.2284577946,7.69260201792
-0.963165518639,7.5614932128
-0.717516783205,8.21194620986
9.99796175025,-2.07727483531
0.50590606378,4.84880270781
2.57465033516,0.97529064736
0.104944165916,4.38873769601
0.562669028355,4.39052655953
1.07504937865,4.48066564774
-1.78974610928,3.06867979042
8.74152111831,-2.48196070864
0.805455905991,1.41594394859
-0.995349877085,7.38190060416
9.66554653317,-2.16264449423
0.965729681287,4.7894249551
-0.752228620682,7.52177713308
0.980995087871,5.10742904971
1.10419593041,5.08798827874
9.8104699308,-2.56414481244
-1.56326923905,2.60114569514
-1.82088212909,2.95321357266
-1.80994533164,3.39941489177
2.43800632902,0.520057774168
-1.23726993927,3.22788576131
2.38485832582,0.728813579596
0.074373006572,4.47338176183
1.85643061726,4.47932932266
-1.60115539689,8.16454214502
-1.74669688015,7.94119975244
-1.82064666543,2.26135893256
0.785171592452,3.93030325856
8.61249007961,-2.07175420711
2.80254092339,0.260192092846
0.916473818632,4.16978143172
-2.26905165171,3.54723520279
8.86295939186,-1.8263113165
9.18480445003,-2.5899141503
0.576766492113,3.41242891675
-1.62063230961,3.6263493182
9.09026767356,-2.36683559996
9.57277038915,-2.32954228806
-1.39721054628,8.03808998943
-1.42502504634,7.68413677905
-1.22109847363,2.72717754949
1.67198938267,1.71788928
0.556515009869,4.86328105045
-1.14794815592,6.86464964757
0.664847647044,4.99515700186
-1.51948284408,2.36808291072
1.31873705486,4.35854108487
-1.18582041167,7.26201630016
2.44720032341,0.502576882497
1.13591104045,4.58138627693
-1.59321316228,3.39479509405
2.06764688735,1.90207103522
0.803179638132,4.10406108553
8.95667331799,-2.6079290054
-1.54624192433,7.1255368348
1.10246884594,3.85688170253
1.00983396149,3.81909274622
0.610256161905,3.64389637994
1.77376685563,1.34412523277
2.83855077209,0.765595385238
0.81970961135,4.37414436355
-1.24196273406,7.57493595752
-2.27740496502,3.18249924827
2.54950411476,0.83563602957
-1.80200149529,7.60735203897
-1.26867828861,7.81154776289
-1.57512039923,7.75785364713
9.64108390339,-2.04019259722
-2.30235672604,3.72677498554
1.18581817643,3.61247766862
8.40159557667,-2.39843742895
-1.15666290956,6.89746555473
1.36526636803,3.96981306827
9.44161730903,-1.74155055196
1.46229471702,1.14111735892
-0.389051593245,8.58420292164
-1.58026799382,3.13764902703
9.09095737976,-1.54579156578
-1.03452886707,2.42547383247
-1.14702915267,7.68772451762
2.51896474177,-0.0236319659381
-1.64814615214,7.77434558645
2.53182978593,0.437509683871
2.68587269551,0.712991852792
8.96689201286,-1.843033214
9.33538745002,-1.78909941349
-1.74353069404,3.54656164692
-1.35395848088,3.372252596
1.80036958725,0.759202585123
0.892995926592,3.94034550802
2.21194367729,1.19612980029
-1.2708041312,8.02969524941
8.45889462329,-3.16795524602
-0.910294387861,7.43085919335
9.0754426123,-2.97761323516
0.0336986965037,4.35946218885
-1.37445727641,7.30433149278
7.92033078827,-2.35239426393
1.04108968557,4.95821040558
-0.347645782514,2.5815193312
9.49951384807,-2.88053361112
-1.65361295708,2.65265824544
8.79807349844,-2.0697499585
9.28619551699,-2.08233589126
9.11346780492,-2.66937566904
-0.871790434895,2.94285376278
8.51167262835,-2.75696890264
0.916911190646,4.48593014287
-2.33680104488,2.42077169509
8.83305593273,-3.01651968477
-1.80639122719,3.69843974005
1.89868468627,0.288638673771
9.32214690168,-2.31131152903
-1.59623659251,3.45500751767
1.88059813482,0.870696058736
-2.16902597166,2.49822565788
-1.03550042954,7.59826879104
9.76186396114,-2.95266466222
-0.988635206072,8.20371919451
-1.11161036166,8.30074065971
-1.06631432025,8.06241462446
-1.02412645366,2.21412517566
-0.824214336022,6.93315357365
-1.27754660297,2.61632560736
-1.31904315447,7.95976794905
-1.36150113627,7.57135382531
2.77538803987,0.81268800884
-1.86029403011,2.6441512438
-1.60216656153,7.30604709618
-1.97737912084,8.33324617842
-1.4756590996,6.92723317488
9.28415164958,-2.52682541452
-1.04807172756,7.83376674793
1.14314132912,4.36771513978
-1.48800037742,3.02935013164
-1.15695930475,8.39647282904
1.32655552913,0.667695451327
1.63950711432,1.53313192417
0.679244734486,4.38290585643
9.13361532771,-2.28402985357
-1.01750170307,2.66544080992
0.300191622325,3.50383719782
1.1034923146,1.53007810736
-0.932949725654,8.14895281009
-1.29339154092,7.51892997415
2.29673595569,1.07977661496
-1.69757386496,7.52666123438
0.811995231101,3.49768993083
1.81564705779,1.18793853299
0.765281193961,3.31313874897
1.67040931567,1.46341250281
1.52990088487,4.8448582594
-1.31954656576,2.73743849028
9.17459534168,-2.53207877958
-1.19791319614,7.53139360112
0.241584541741,3.59829185151
9.5856347342,-2.42756272163
9.1786618168,-2.53106100228
8.85337018162,-2.43861896606
-1.0619946232,7.74578399093
-2.12556307918,7.40341251097
1.84159399046,4.97001898359
0.802178197464,4.07415559461
9.07347320595,-2.14297811659
-1.38449148235,8.28081576451
-0.05360893946,4.41695531421
-0.359910798037,8.05047386882
2.47664686603,0.661125393042
0.624086958424,4.25411214289
-0.558000106565,3.12861946979
-1.46472558464,7.7298475562
2.06903834239,0.866324949637
2.28604392735,0.750820351967
-1.5299819971,7.2368725301
0.743386509417,3.86331389074
2.48751827244,0.999291875309
2.29861563482,0.0795287262653
9.66643418057,-3.38814646245
-1.30476417384,3.13703915802
0.242680822412,4.51203934243
9.64223410865,-1.85352389159
1.90831508148,0.893969212917
-1.51441105399,2.72638826559
1.92882603821,3.5788920459
-1.18704172693,7.45821999558
-2.30739395461,7.38314502171
-1.96650693725,2.65257129619
-1.57489771637,2.69593578713
2.25093110241,1.14070616717
9.83393102559,-2.97765792259
1.03338052026,4.484682541
8.33563865734,-2.84918718452
-1.50841701146,3.18494192515
9.36766832893,-2.62711572521
-1.27969119896,7.94801127374
-1.88199999434,2.91844406644
9.7864750009,-2.25339851954
2.29329214972,1.00843016485
8.66881856563,-1.99005250034
2.27969465267,0.565594358829
1.19845387835,4.25154055488
9.01052683023,-2.79183527706
-1.94217450497,2.26477993715
9.24160238095,-1.97216189947
1.77958593894,0.527390914006
-1.54033926796,2.86470540837
9.66069318174,-3.0921186163
-1.60083044354,7.88384357989
-1.37281170514,2.81734051085
1.68906000398,0.245560735106
9.05724006445,-1.50822068026
-1.38330073318,3.05615141256
9.66532413135,-2.03391275987
3.26152439978,0.80729982864
9.5530748974,-2.69262738777
9.90914370161,-1.65302846213
8.85836976333,-1.53284427152
8.76406255111,-2.46447386796
0.855668561618,4.66489270556
-1.66445765764,7.98374511462
1.84407769011,1.29172671539
1.94758405542,0.786606558933
-1.84249218082,8.06004793969
2.16380930533,1.4051662935
-1.70811677074,7.31776301922
1.34598364897,4.30616901828
-1.24637702516,7.16788881663
-1.86155649184,2.84632674813
2.16307976337,0.731253135101
-0.172575338579,4.5979156954
0.796518015378,4.47031247698
0.263947799746,4.57845804805
-1.17712937953,2.78691360286
1.24160275451,1.08276406924
0.494431398867,4.77829060457
2.6652167376,0.718497002
9.36315828966,-1.90756306555
-1.6625376426,8.25033067754
8.9312847895,-2.54371508137
-1.20791720431,3.10815061994
-1.7387381374,3.04064063662
-1.50614323669,2.48661374523
2.36998873905,0.420113630587
0.663714541667,4.2364517843
2.02166693122,1.01408605804
9.08660076196,-1.54075423412
0.631704091031,4.55389146129
-1.65558563139,3.59149220842
2.11462781154,0.00640914395691
8.87115978079,-2.83450626615
2.0130325925,3.82678020722
2.76575685892,0.539688412414
9.56487340557,-2.50308677801
1.62455115851,0.290872716333
2.03035887482,0.778891853071
9.88747775984,-2.72309212427
-0.826249494532,3.31569450017
2.1482782517,1.13663278808
8.98122504267,-2.34929599173
-0.208810704428,3.01816850673
1.34314500634,1.9072845125
-1.36374833571,7.81814551943
-2.14022743947,2.56159182929
0.968610892309,4.47440560845
-1.3034271739,3.37334219675
1.17795795654,5.06706903522
9.59179768143,-2.34102967975
9.32683719641,-2.87713317205
8.97534428845,-2.66728197516
1.71793079804,4.37768981742
0.945996054531,3.71050918611
1.06535535902,4.79065817576
9.56539994755,-2.57741085829
0.686641797272,3.30325590895
9.07748989676,-2.03521268011
-1.08768712681,2.2172619917
1.11899236038,4.53780560401
-1.30189650009,2.2735732612
1.22076042967,4.5013566584
1.6112975073,4.65739904952
9.40000876089,-3.01776950382
2.16902909887,0.71405704087
2.66188362262,1.30612811903
-1.79607171685,2.233864583
0.771280451964,4.31165294901
-1.76684285278,8.23516441116
9.34077616925,-2.99143182318
-1.66458267202,2.72056875522
1.71484543344,1.03334498577
-1.85267193005,2.41404955618
10.1783146438,-2.43714611493
-0.870484972203,7.757191547
0.504421244266,3.66477925572
0.0688870960366,4.06103274243
0.621368914017,4.79637459607
9.86284364276,-2.29002304855
0.937601233409,4.39121914957
1.44848163194,1.46690615837
2.05592947154,0.552646475396
0.746407766641,3.77250284459
-1.60722201672,8.04667751704
1.32398275524,3.55606809645
-0.950353359843,7.68206653089
1.21074927295,4.04468274103
-0.39207758548,7.48641116707
-2.28945367567,7.45630274987
-0.761089658034,8.00106166232
0.798417036352,3.78204809507
0.926526782792,4.76286504772
2.10591841034,0.60266839667
-1.58568319142,3.54819232683
-1.41780862384,7.42639546883
2.89527493818,1.23852440847
-1.98346398269,8.23873525283
0.764755281331,4.20625816569
2.26604087686,1.6788092089
9.69573259933,-2.12999525494
-2.06801790191,3.10512709682
0.955703296249,4.40301577254
8.70457778018,-1.58189739043
1.94008657029,0.741042789099
1.59057812558,0.701126908082
9.6476002133,-2.32808208414
-0.755580851825,2.57230539505
-0.842930017456,8.2365738635
-1.22560095999,3.36987089785
1.27614246546,4.09646342312
0.613738150154,3.8005469615
-1.20962637734,7.61319299745
-1.84825980025,8.00096282056
0.369703638363,3.96107930273
0.836071439089,4.32906173145
2.39535065144,0.655053973399
1.99065674116,0.72575220791
1.5032877747,1.33301442746
-0.977282204437,8.22843288738
9.05536052024,-2.47873274882
-1.57750370343,3.32192113927
-1.270049175,3.61214061356
1.38870683844,0.325012499173
-1.32801675203,7.66466066135
9.28692896918,-1.98691873366
1.86974523186,0.716107027399
1.87383278335,1.32489614564
2.15093169233,1.59382783358
0.751712591449,4.31339537818
-1.0176027706,7.67385754786
1.31593313934,0.714931351621
-1.25901887476,3.44175055613
8.79826613013,-2.0631442445
1.04599642011,4.47396046127
-1.29058387741,8.01436436267
2.4438513677,0.535524476651
-1.49186758954,7.87664489169
2.29565804831,1.0407119537
-1.43461503187,3.44057247293
1.07233610056,3.75992918327
-1.31707349362,3.68955648524
1.25762423151,3.58286138243
8.89670824083,-1.60544175585
-1.65209005138,8.43676580651
-1.57913884797,7.55016511895
2.12796919169,1.6011957952
-2.22093368108,3.30584888693
-1.71842311847,8.19091723945
-1.40285406602,2.59910898778
-0.931166550409,7.90547584638
-0.362777417782,8.03691746273
-0.969636060024,6.99201894211
-1.54944120188,2.53825523839
-1.41100838056,8.80463379417
2.78339194248,0.52667955534
-1.94257042597,7.65466633168
1.12502961887,4.73094824055
0.526173172221,3.6086403339
9.33152698619,-3.26862514935
9.47626856546,-2.06109452827
9.95084416746,-2.59915986692
2.78948636382,1.06765528632
1.69530639102,0.798629559019
2.3721174814,0.224607877622
1.57377229173,4.25821065865
0.707477847512,4.19672254907
2.03307168987,1.0052287805
-1.39618323648,8.13424429963
0.77318371185,4.42334691618
-1.54817898529,3.21674708354
-2.20625173595,2.79305613505
1.66814941805,1.04539924269
0.510860799743,4.61050486068
1.64878812357,3.37229406619
9.07062838435,-2.96982495985
-1.74073281085,3.49071144835
9.30158691989,-2.72340996923
1.65964523846,0.793667936521
-0.922724108492,2.5849111275
8.43970101451,-2.65216676916
-1.01014625191,2.5079995914
2.22066272464,0.983303860855
1.15584093408,3.05612058706
0.998542820289,4.52601387677
1.31036270419,0.966803667305
1.76601384773,4.24394253741
-1.33811816443,3.33387757121
0.573310126009,4.47789345149
-1.28573555281,8.55674864886
0.673662877047,4.14198840476
-2.51305639942,7.76766587853
-1.39763822261,2.91658801514
0.518151234667,4.26875268728
1.43643450574,1.12311016442
-0.826697927432,8.18210891134
9.40708775716,-2.16778152413
9.3520355665,-3.28447240907
-2.36277148544,3.09005142286
-1.95762515745,3.37416973068
9.59984511491,-1.13294260231
0.682686216472,4.12785830861
1.11047725694,4.90066098096
1.87468350912,0.755168777164
3.48220616941,0.982938496834
9.67353630887,-1.63774978455
2.52552804041,1.16723144681
-1.25504248002,2.1845696401
1.45709930824,4.09976371572
-0.220357428552,4.57663111341
0.790141537205,3.9674326623
2.18537174881,1.08345552914
-0.921027083237,7.81795262764
-0.87135921338,8.71785638127
1.75920077979,1.33366084729
8.89699665295,-1.51640783122
-1.38139357406,2.30165625551
9.3733692195,-2.08620992826
9.74525144241,-2.07529474876
0.610354251626,3.5269601564
-1.43735874074,3.8128116247
9.10745885553,-2.11121603929
-0.64419661368,7.92449400495
-0.94702916262,8.16783317869
-1.76480580974,2.86928053478
2.03496653477,0.933268435706
9.54324924444,-2.67694211717
-1.91445101225,2.68856445151
0.794276262157,0.362872670226
0.563167932128,4.41741080963
1.46145886522,3.15215422759
9.09836587196,-2.6222260305
-1.21029051363,3.33599757783
-1.60959409183,3.28896046017
1.80079350856,1.11187778249
-1.50939509559,3.19983617417
1.81727608733,0.975833993782
-0.846666305774,3.6857929726
0.689423417048,4.125015011
-1.25137762329,8.6949107685
-1.1160573349,7.44102068249
1.31250482894,3.76876209761
2.3845140386,0.868193891123
-1.48812443415,3.90378636729
9.56405320872,-2.39037653355
9.82358935288,-2.4802585097
-1.23826007571,8.08001406345
-1.26742664257,8.01018998193
-1.18526096442,7.68063948266
9.27162494226,-2.54729882275
1.63623050055,4.68743570021
1.32340275545,4.7670348004
8.7003002809,-1.64187383379
9.13412937855,-2.49695657211
9.74933611269,-2.05882001224
8.51467758731,-2.27830587889
1.54555510569,4.39896098318
9.41608514717,-1.65366449609
2.1496997865,0.339382590138
10.1774035625,-2.55158625255
1.38797001052,0.308428194089
9.14170280589,-2.41826132344
-1.91789215931,3.21325809922
-2.25874888524,2.85721215834
8.4284644419,-1.84141877907
1.3618438539,4.01082581046
-1.17661947975,7.39081650606
-0.650223438347,7.93351653985
2.27145854469,0.46197993118
8.89007004704,-2.1411865499
-1.02465385957,7.53619128747
9.66832108622,-1.83447132236
7.59020992294,-1.89306006565
1.53884259625,0.736512325972
9.60464034168,-2.50487113648
-1.47617193967,3.21365272197
1.82055666634,0.364554694253
2.55805491342,0.664158567947
0.567326617865,4.11284439801
-1.18175831047,2.4561789981
0.589732503747,3.89926335704
0.186119316,4.50670783526
-1.40279381358,7.45421543556
-1.34213320713,3.13431869385
1.6021932329,1.65437318226
1.6572677157,4.55269675634
2.17729410452,0.53699006151
1.60578556319,0.564602104105
1.09980243952,3.9028755401
2.47652563817,1.20293470442
2.219899476,1.48168503008
1.2143404358,4.49397020722
-1.17927596364,8.1478179343
-2.2280033509,2.68971661494
9.45098189505,-2.55792007299
8.32980434347,-1.60139203327
-0.891009611707,7.52081314005
-1.61706307922,2.14656150911
0.469198464606,3.97498233866
9.26496213743,-2.4766495098
1.8079931756,0.403306832538
0.679921243484,4.07238204278
-1.71549090999,3.09658006774
0.659154954411,4.72825465368
-1.90993655556,8.29015241455
1.89076953094,1.31980530335
10.4435575517,-2.4115488929
0.343586766226,4.03826138681
8.62969436668,-1.73140722257
-0.757027551076,3.55436903056
9.32222208193,-3.00410451735
2.02753039796,0.252932689468
0.572439661441,4.89439899266
-0.984622912128,8.34683465053
1.60255093537,0.527966238417
2.84783727877,1.23700670858
-2.2901630833,3.24646485034
-0.718290678063,2.82592973973
9.29454223504,-2.22333886214
0.682737958576,4.06925213691
-1.25718779559,2.80253965917
1.70508493678,1.67921239058
-1.65418816188,7.97990977542
-1.49611551631,8.19187868993
8.79875458927,-2.7207047622
0.100703691123,3.89303475509
-2.80130935468,2.43034026421
0.963588075794,4.49653666919
-1.27389634949,7.6571765655
1.9252151765,-0.00172410407458
-0.88269852237,3.57587863818
-1.69347788725,2.48621733464
0.448364546245,5.17841686099
8.5019297433,-2.25951423293
8.67565312774,-2.22700958158
-1.42651121373,8.8498876801
-0.901163728039,2.17927538736
8.76198102561,-2.10378434834
-0.758859932786,8.16814705555
9.13429390082,-2.24176678692
0.777854894015,4.17762735462
9.34106937472,-2.01818638331
-1.08225585633,7.70661678928
9.4047099381,-2.59752827455
-1.92601096005,3.31311895231
8.53854256525,-2.00099405395
-0.858687493807,1.96213175321
-2.09380831775,2.93076148822
-1.80125861337,8.23523736495
9.01081012735,-2.04136885898
-2.11768636677,3.5545756225
-1.6759888502,7.62666162514
2.6521752605,0.463590769045
1.55819005255,0.883742344165
2.18320905498,1.08459394171
1.75479339257,1.04479682787
1.44094422668,1.77385804921
1.07779397306,4.50615777255
2.27176932831,2.13937346125
-1.88312626577,7.90967074381
2.19401658211,0.277526099759
-1.86996670475,2.26675911069
2.08565010716,1.24758552199
2.82580487104,0.541211900684
0.7059741776,5.00229675847
-1.08426772512,2.87935553193
0.463358973604,4.65701821201
2.6225235017,0.852486583407
2.77910249161,0.644953222616
8.94303768331,-2.57076657003
0.803074164415,4.34624554264
8.54674777231,-2.42503931849
2.24911453216,0.830212443658
9.88139581416,-2.66334054256
8.54721485485,-2.12208054399
-1.63244612893,2.52937224973
-1.51706820202,2.93702484465
-1.09751870182,3.16274739989
2.12756505685,0.468973431171
-0.981978635928,7.6211590193
-1.90006586321,7.12770161199
1.6051188644,1.65095722809
-1.28932593362,7.65475321166
-1.03821798206,7.90795786065
2.25373232971,0.978120449518
-2.11483869854,2.47986307593
8.91909047825,-2.59431654487
-0.716695770115,2.38008556327
1.6414247109,2.08698473439
0.893009036596,0.378385996295
1.68914932274,0.662924980451
0.730699690238,3.45572369721
0.794840452409,4.85388760912
-1.42491104083,7.34396194204
-1.41887839504,2.96295399497
0.917721949159,4.34606628067
9.49881743835,-1.38076079286
10.5699125309,-2.59840748541
-0.859898055828,7.57009600758
10.3588116937,-2.53691716209
8.61474993265,-2.524582103
1.43929105021,4.27125817405
1.5560026223,0.651280514632
0.388332995266,5.04994613328
8.80759733188,-2.68088600278
-1.39686282672,7.45979679205
1.69552744164,1.00601803932
-1.57666973949,2.72328787097
2.0281381313,1.02280013152
0.752155475735,5.17207675167
9.29355606174,-0.788777277333
-1.43987291461,8.73912719136
2.28269164379,1.05932578037
-1.41843589585,8.21926010941
-0.806208632036,8.30231017417
0.557699652411,4.22342223601
-0.369963319226,8.39343326306
8.68366642249,-1.84556083141
1.58699786789,0.755642254414
-2.24903635166,3.57430389869
-1.91416380164,7.89606928369
-0.942280971994,6.86206607386
1.71530929457,0.35712297638
-1.54865909392,2.6442366957
9.40838315565,-1.38139578337
0.255443856509,3.90455590362
8.94723692636,-2.69248245863
0.551269263383,4.11926496551
0.659055469918,4.60977600736
9.5142349664,-2.51097561063
9.22715854462,-2.61008177216
3.15832089502,0.802620967304
1.39454737871,4.56578839358
2.35495273716,-0.242885848
-1.45903582037,2.80292040755
-1.22200334811,3.50611499162
-1.51487174102,3.00043487544
-1.52347613898,3.3169713703
1.23573594602,4.21005288744
-1.93569015143,8.2533938818
-1.76050155594,7.89358299405
9.08650445802,-2.71507750467
0.455987984227,4.65532647322
-2.27066565224,3.39754932976
-1.48164246929,3.16050483468
1.06405144226,3.50208404238
8.92010208194,-2.40772466062
-1.32762326204,3.01616094424
2.15789151774,0.988329635955
-1.63934068845,7.62925689648
0.710138878033,4.80977596048
9.78472199599,-2.01233565011
-1.53191504553,3.52271572994
-1.59887691771,2.54350138939
9.72840676107,-2.73783054201
-1.4033127716,2.64625306512
1.35500414738,4.19153096638
-2.48143341343,2.09040128964
2.73870922307,0.370641452285
-0.961144959673,7.98847108486
-1.48067512362,7.79796318728
-1.10757049139,7.74840126839
9.42549720267,-1.68011319022
1.96214240168,0.592520702584
2.96159459115,0.759619060726
0.690139343276,4.60818231017
-1.59002874544,7.7226195111
-1.81523058911,2.40744204416
9.27107646242,-1.54471891976
2.16631223222,1.58434456234
9.50819267403,-2.55934660375
0.553728370841,4.76144677358
9.27787122765,-1.52051747961
-1.50657937805,3.75458811157
-0.48444985829,7.58048865455
-0.413394980507,8.47250531742
-0.977983433966,7.82949739507
-1.51902198725,3.06351385541
-1.60921125461,3.32119405274
0.931966442555,4.00522209859
8.88953380559,-2.14862612007
2.23826321079,1.43842769499
1.23660475252,4.4611318331
0.748858835778,3.93668113355
2.17632835436,1.13387669858
-1.13980724533,7.39791695253
-1.33087161831,7.98179943725
0.375853766415,3.69776444984
0.852218337994,3.98440974282
0.400409950605,4.04034328552
2.54188673694,0.613544465136
-0.539367679767,8.2175618608
-0.895623880177,3.06901238597
-0.684854882507,7.32034833158
1.59859586295,0.626614325826
-2.28847071009,3.24608811716
1.71231599107,0.498162598452
2.51481865586,1.21657653284
1.3419733975,4.56805404818
0.479297575804,4.32726161312
-1.432060719,8.3325095053
-1.68337476455,7.05618090973
10.0307704866,-1.77284281601
1.4696261591,4.19839021684
1.50947700414,1.02535995941
-1.70165546885,8.09055123324
-1.15617637271,7.52671419612
9.31667082419,-2.85983866893
-1.19129981406,8.19231319746
9.6814974007,-2.71161822741
0.652448103698,3.9379404826
0.666743153584,3.75745249606
2.20746898459,1.1909652277
-1.09096903632,2.58922156833
9.46446141258,-3.17783733282
-1.20220464367,7.73461845046
-1.5565494159,7.51617556082
-1.38689801248,2.43261977047
-1.75522101639,7.40624802652
1.94972625572,4.90522490469
-1.5467668867,3.64618895724
-1.79388785977,7.79919068337
1.3301176615,4.09389873392
9.30520917236,-2.55325895621
-1.13391368699,3.45776354072
1.26432926529,3.57615710751
9.27192107187,-3.13083924635
1.12877693489,5.21325693012
2.70027614773,1.08594276503
-1.0004008984,8.10340043619
-2.26690291021,8.00421897956
-1.49419895863,2.82525694998
2.07557782838,1.95049482265
9.72051121615,-2.03584782605
-1.87930451454,7.69727919656
-1.87484064282,2.24741240763
8.71408208772,-2.34363392996
9.33199102166,-3.08022758642
1.92005206792,0.737900730963
1.86522585058,0.944784973183
1.83915860265,0.662200735415
0.459909184961,4.10676830731
2.16288303273,1.52671697743
-2.10946609185,6.80698526369
0.335442669504,4.08179337994
-0.263377369276,7.73656217207
9.06195934869,-2.35349441989
0.219721881574,3.90375021631
-0.852932250928,3.17225250247
-1.35773667163,2.50676473184
1.51358668494,1.08533323627
-1.08219575504,2.68662593371
9.75968121146,-1.93095046481
8.3750656189,-2.72996899211
8.8361511661,-2.71999128601
2.77201436092,0.781305975683
-1.11596314731,3.91296921129
1.30026275711,3.80747953162
-1.58088191492,7.80903322863
1.17600853328,4.45394077477
1.89786554038,1.80822603733
1.8509313583,0.936342047983
-2.41528062888,7.87922291028
1.24171599788,4.14005086296
2.28131522947,0.509643510049
8.60943299266,-1.87635745129
2.26696243661,1.03781484214
-1.96930719591,2.51363737419
2.14853935757,1.03614331854
0.980152633059,4.54093922125
-1.4764222592,6.93060799478
-1.9045122445,3.36343688408
8.63339857415,-2.75237389783
-1.16252068436,3.40385130905
2.06669104342,1.17233995388
1.37039482126,4.25198896663
1.64860566147,4.21146610875
1.08413666765,1.49101161808
-0.839698938009,7.34350823353
-1.99736989247,8.02913051379
-1.82461879611,8.58320335317
-1.29890295151,2.63788079904
9.71206749478,-2.92937107968
1.18210710135,3.86971192127
-1.57527618644,7.73773661357
0.649751258238,3.68127354752
1.10223614812,4.25961965211
-1.32163038811,2.49269067251
-1.98512970973,2.62332570058
-1.89082690261,2.42102646772
-2.00667772194,7.97181498835
0.915092713241,4.81538844062
9.64658863816,-2.14514636409
10.443195434,-1.58171734559
8.67798994467,-2.32072440154
-1.15881408996,2.79237083754
-1.48166118403,7.70793101714
9.96829567469,-2.51736274566
1.21174457579,4.2265914784
-0.994500212423,3.24138598582
-1.71981994274,2.63085401092
9.43613752984,-2.46289006666
2.5228609196,1.11325651078
-0.913545705551,8.10192710649
-1.58351622231,8.29097724517
2.68731300316,0.963562006653
-0.925530231177,2.86386375639
-1.13179686944,8.30356754955
-1.80880193454,7.3084243647
1.02024631402,4.56611648334
-1.68749620083,3.16342805689
9.6957294869,-3.55349576263
-1.76304708957,7.51165178048
0.326046988963,3.75904298009
2.65122895893,0.820173303224
9.19482374969,-2.85127623902
8.83516726794,-1.39596614022
9.8030096345,-1.86317332037
8.81015437429,-1.89328362162
0.451952650194,4.70915924658
-0.770934025042,7.44840202131
-1.7473267117,3.21434322509
9.58455824785,-2.07719492939
-0.887965225734,2.4835842877
2.24468074931,1.00863464376
2.3839258271,1.39472397305
-1.21944488569,8.15274651131
9.38255563027,-2.51154524311
9.61602207521,-2.13682115562
-1.4503224884,8.05639699047
-1.4630910256,3.74292817415
9.25715770889,-1.97528194751
9.6093214348,-2.61801726503
1.02808662146,4.13317092415
-1.68298420802,8.80746591441
10.419905924,-2.52733547881
2.21928408359,1.5597585402
1.86740271398,0.403790165291
1.83780522732,0.898820692032
-0.827102698795,3.19387906318
-1.40150779047,7.24901097844
8.77896519622,-2.50093862845
2.51059661628,0.601585689795
9.80158304423,-2.09216050549
0.325329463743,4.66392140465
1.85014611492,1.53943509835
-1.26438841015,3.33485440707
2.42330534547,1.00485374635
9.34051750137,-1.9762864236
1.7901144775,0.695854407146
9.73517904208,-3.12867362748
-1.66906301899,8.00728081997
2.28608010251,-0.245893803522
-1.52071719392,2.0877667377
-2.33575912519,2.43933743916
0.462491321989,8.87728680094
2.8064303843,1.0335588046
-1.1899562405,7.20277482913
-0.943495112359,7.82110003161
-1.19620649143,7.58915000721
0.801973010713,4.16775108969
3.09962744911,0.950354552408
-2.01915678875,3.01049082301
9.26034775315,-1.57361354658
1.99755863312,0.775366455017
9.78579342482,-1.88889107457
-1.51838906647,2.88096689242
8.93978021999,-2.30416554335
0.760424962243,4.5829485617
1.21202103927,4.34357726662
-1.43788133769,2.96187012242
1.52746183243,4.3329725753
1.05003793615,4.34713193761
9.98294490563,-2.69693056886
0.565500077097,4.80644465709
2.06077191407,1.60383048648
-1.68940492385,3.19191531508
0.394484469171,4.42396021866
1.87243111273,0.508843413942
-1.59334084975,3.42719764191
0.957292925466,4.17468809087
9.24082235043,-1.93331802886
1.98226922002,1.24390724012
2.44979456959,0.0755535397009
-1.74733850405,7.92213726516
0.662923084309,4.17310863209
-0.665500649544,2.16820202677
8.90262923561,-2.6887873764
9.78047474153,-2.92734193997
9.3291084395,-1.50448331394
-1.67931099667,3.83352540614
-0.889194836291,7.4363641939
9.29678073803,-2.4930546829
-0.935092063647,2.77232639872
1.40437804264,0.694106035932
-1.98260691892,2.45559866665
0.877476615797,3.81597084815
8.77846599318,-2.29201899991
-1.88116261954,7.75678949841
9.3024087927,-1.90598262259
8.91862459449,-2.97945417792
2.45418871414,0.77520436973
-1.27883107892,8.89756287919
-1.8746629372,8.10195257238
-2.15701930688,2.99648830314
1.43407368289,0.656502107188
1.94666551528,0.502478005673
1.28846799726,4.23197928028
2.00361862529,1.03660171876
8.65436933255,-2.0508150353
0.208448492765,5.1816362553
-0.718070560729,7.28640729502
0.875353558133,4.16777494874
-1.54337279503,2.8799817779
9.3651985758,-3.195487143
9.4523544555,-2.22416878843
-1.72004819671,3.53673370053
8.83804802805,-2.78591541743
1.14992137777,1.16303028245
-1.87365723325,6.95630466246
9.1767324121,-1.58280209249
1.39065654925,4.44721477127
0.146888780976,4.08869902563
2.49031312646,1.12629421916
9.23348730389,-2.21071772147
0.544043106812,3.94688451423
1.35855307615,1.13705224749
-1.15495545403,8.17708051944
0.726830746589,4.09200038128
1.059036551,4.13031693528
-1.70854054311,7.31764861373
9.73648922322,-2.28524271751
2.08222012884,0.802028289791
-2.18026150147,3.08987351584
1.28067740811,4.13188329744
0.69082513639,4.14055380275
1.10512473855,4.57776705296
8.49986276555,-2.80680016906
-1.48447851506,7.95894766352
2.12161300218,0.457804465177
2.47221875687,1.14880050622
2.32648596683,0.630071263564
-1.43995791427,3.50168620142
-1.30612017239,8.04039901156
-0.94602831733,7.39708466987
-1.02497503922,8.09509016767
-1.59100555418,2.32893867993
1.56956309672,0.846262161785
-1.34327042102,2.18438106837
-1.85963189935,2.74870027665
2.28352504943,0.845360294764
2.63853496182,1.17507035062
1.24857411638,4.70678752095
-1.13585115895,3.00076383045
-1.64207541176,7.56837587284
0.216566566049,4.2531776353
-2.07413847456,2.98118461782
9.66147355535,-2.62256173504
-0.76556955348,7.323104474
0.155354583374,4.44040908446
2.85386387387,0.720744722299
-1.8128477106,3.30165565706
9.79301710558,-2.0294933635
-1.57065564566,7.60763692571
0.836371301282,4.34761740227
9.87414753458,-2.51714328589
0.455460211911,4.16325581444
-1.16978790283,6.84830250738
9.45301866086,-2.55108224565
-0.858769438944,8.40878005772
1.99765965934,3.64932277388
-1.3322666897,7.32082138751
2.33540113457,0.613627286152
9.19918758063,-2.14459354034
-0.412559753356,8.02206343562
-1.43446756982,7.34184377836
-0.857851899883,2.93713313528
9.75466178636,-1.61323774763
0.278576873259,4.49158079691
9.01408418664,-1.62867527288
-1.28460736306,3.13538609463
1.41500981255,1.76270979989
0.441283412544,4.07571996801
2.86892683619,1.09415097352
-1.07448090505,7.88085019411
9.39524615202,-1.81976819131
-1.39411991074,2.42343645583
9.88948617875,-2.34338484228
-1.93703308473,7.9828904463
2.45360191498,1.56085782675
-2.21671848727,2.14749568749
2.0693379176,0.856213208327
0.64346673017,4.99814389538
-2.33562809015,2.55686833405
8.84432443591,-2.54685345238
2.45177651513,1.36250879747
-0.745610023009,7.71235991558
-1.49603436086,2.79535801582
-1.40271154925,7.8673083498
9.41262182524,-2.93493684803
2.31107403495,0.747898365754
1.58478147075,0.40947843318
2.49866040046,1.24277751129
-1.1042414053,8.7710895148
8.61359376219,-2.36248447321
-0.955717743279,8.65488268898
-0.919057562908,7.97930241805
-1.45842437421,2.74952541721
8.92812184426,-1.80194249908
9.21086440035,-1.91536047127
-1.2853104158,7.61962965886
-1.40237726036,7.38571650819
0.930506304997,4.31246305048
2.07847624568,1.2879381429
2.36481414746,0.920099429908
8.4737442515,-2.75182198529
-1.41338216195,3.94640279302
2.1269302322,0.0163166301265
-0.866922014779,7.7460360848
1.90582149663,0.573019576931
-1.26990459326,2.67321994798
9.74484918668,-2.34639175844
9.65305022103,-2.17683018144
-2.50742319731,2.63453956921
-2.14342703452,7.1422089283
1.58585924732,0.511978475036
10.0952830218,-2.98644362541
-2.02290759913,2.90683502069
-1.18567690711,7.44950842358
-1.2944756633,3.10206500982
-1.87296084915,6.6766188336
9.54954679883,-2.59057421732
-1.08099488506,2.83386316102
9.721683833,-2.57783148399
-1.79551671352,2.817550629
-1.47973150195,2.47091651349
2.24160863064,0.669408152085
9.16034013147,-3.13046188429
1.90904679019,0.577575798054
9.72600097773,-2.32001292682
1.39748781172,0.590115764883
1.33236966118,0.279789568719
2.40363979585,0.549157123991
2.18342329104,0.75844374314
2.41939865502,0.358521863852
-0.962781771811,8.56863411212
-1.41931482705,2.64433291051
-0.0315517478513,4.48446190224
-1.12187960398,3.72889126474
3.22275858593,0.715849127705
8.88481151144,-2.90829615992
2.03918329134,1.04887074414
0.731982414339,4.49100984827
2.91254615968,0.891013911091
-1.65661546639,7.74887812213
8.79393856305,-3.30481707925
-1.34048802302,7.75715693876
1.95515286682,0.511149701424
-1.52709181011,3.08625205002
1.17989017023,4.34784059288
9.18218366385,-2.96530277518
9.60287359367,-1.4729944944
2.40121431141,0.708066245642
2.08009463108,1.03220351519
-1.59992387128,8.10449696068
0.588718520272,5.16331655634
2.64416845999,0.886054308723
9.42251586552,-2.40570257597
9.04116476464,-1.76240103242
1.44175452746,3.85549163928
-1.65320468928,8.05239628954
8.8621101718,-1.51314773752
-0.95550987558,2.59844787937
-1.09223275992,3.55805439837
9.27710492672,-2.78882691422
9.46092946007,-2.60471020026
1.81439594739,0.909096003711
0.384111743816,4.09607425528
-2.14104521676,2.90804080238
1.47139803075,4.887897215
9.22711694367,-2.52236582353
-1.87175143276,3.4945623645
-0.689133513978,7.28906223903
-1.43004580278,2.46501777658
8.66777673241,-3.85770462052
-1.51409649356,8.27284664788
8.45610522999,-1.99317480448
-1.03024173236,3.0981210694
2.10262198311,0.856416926293
9.36835057245,-2.42224704177
2.09966787565,0.986395134777
0.0979582328798,4.00683604907
2.17928782473,1.54343588399
1.59030941019,3.9935351944
-1.63143631646,3.24590070166
-2.68747684856,2.49600303758
-1.23438512535,2.75400584732
2.76976020712,0.608197739133
3.19213322959,1.69412828463
-1.45045893131,2.9587539285
8.86576410217,-2.21190135248
2.06372382773,0.630463808438
0.778634793736,4.3853896206
-1.14030712647,2.55355030212
-0.878321414187,7.73951315905
-1.61170610018,2.38875651676
1.2526057952,4.71878032965
-0.733206683868,7.82701484065
-1.48341611844,7.69725074157
-1.49646860969,2.70952247198
-2.75075972717,2.42441147514
8.55962155119,-1.86707602652
-1.92340354394,7.46713315237
1.70320238633,1.17896705533
2.36596058241,1.2561661087
9.2616408173,-3.03425355373
2.3284677738,0.425986976866
2.45099299529,1.18360469689
8.67372224994,-1.4804879571
-1.42459833566,3.64429455761
-0.746066337134,7.42121784225
-0.882705659542,8.08128235577
9.95299133941,-2.58833491026
1.32357582659,4.67436419673
8.89413268633,-2.4097457674
1.38585058719,4.44653552428
9.36180175056,-1.89483894533
1.91991477702,0.600389792648
1.96598801786,0.940050195078
-1.06902253596,7.27036131886
2.46990130045,1.10503017465
0.632405312789,3.65678116424
1.18047193923,3.4804041425
-1.93224428156,7.73802022331
-1.12912333376,7.08762825039
-0.407105286773,3.68106855119
-1.89377806073,3.7284285572
2.36012549764,0.920982835205
2.18914898071,0.917473684217
2.52330633171,0.971753374225
0.772058260073,4.48525637052
1.7640358771,1.11017487748
-1.66556909238,8.23521250354
-2.21490908995,7.37053586676
9.33781397765,-1.93203646871
-1.34650545763,2.91353650489
-0.718232497629,6.79813493087
2.76843675874,1.18924916589
-0.692333698342,7.72574830693
-1.34515080385,3.78940286941
8.91087093369,-2.2237308318
-1.47492502156,7.57130268581
9.34351961606,-2.58172500845
1.93069717378,1.40342104746
-1.53400466093,2.69660371273
-1.35001088614,8.7020725975
-0.697960923572,6.89653050266
-2.06574647626,3.58676192539
1.75479679718,1.65452844297
9.22643324522,-1.93461839758
-1.43071838046,8.03073255135
-1.38374842868,8.07710457715
-1.6968001268,3.30247148925
-1.90274072381,2.4918490764
0.614856454243,4.0948353663
-1.73725246755,2.53081323812
2.31021291355,0.963500660638
-1.31924301837,2.89696574112
2.07819694609,0.0902604877676
0.424824095073,4.68375066683
-1.83272088237,2.66393920198
-0.0387338246845,3.84365924781
-1.1065231264,2.2917048901
1.68739562751,0.26705737807
2.0995375795,1.06930097433
1.15447309924,3.81190964852
-1.28465569175,2.85378182345
-0.774207887862,7.58192656724
1.51088348511,4.44641150281
1.69873852362,0.658441001333
0.969213128325,4.37620500318
9.61097235178,-2.67515053653
-1.83161794947,7.79359915064
-1.64894731617,2.32515360637
-1.5296164399,7.50403898846
8.93880281701,-2.50901955312
0.949906130536,4.16089293518
9.1142401101,-1.99684168401
2.02734361482,1.46428886826
0.837214242475,3.5495856146
2.23035980742,1.42463213902
-1.34275601735,8.30892908022
-1.90898680593,3.65115728079
-1.51315805175,2.90128467245
9.78914961626,-2.29877628576
10.254974593,-2.13337203077
1.97957112119,1.06772320572
-1.11210332372,8.32701250986
-1.47599022498,7.52565925322
-1.32009080605,3.04390829835
-1.57107655826,2.51890584431
-1.1892812726,7.43986681012
1.39780418714,4.93933479517
2.10247574572,0.957924475115
2.33582164567,1.29846591658
-1.5223205298,3.90711561373
3.11125868517,0.322041161775
0.282911422046,4.33225522484
1.62889765372,1.00766321512
-0.41795914314,3.00510654295
-1.87288613508,2.39178917504
-0.998484200661,8.13062600076
-0.670701008426,8.10453593677
1.28668825259,4.88961813075
-0.696256986542,8.13531955965
1.849329254,1.06497864661
1.82535073988,1.24629140352
9.38362034407,-1.93629234521
2.05074210909,1.45476678112
1.66026776589,5.07760251579
-1.18340785644,7.94051615149
9.12292688326,-1.92272324226
-1.51852169642,3.39232850004
9.33041598902,-3.25332398444
2.67221257426,0.668234200976
-1.20305333648,2.80609357332
1.69953216161,0.489378605252
-1.27531782322,7.44568405609
1.30436083153,4.36182963729
-0.950988603939,2.51919734441
8.75548267393,-1.18166738505
8.23231433986,-2.47343333257
-1.74728027329,2.79219876016
0.99416510911,3.59863970756
-1.13772838219,7.82061159952
1.47085849646,1.47189756564
0.746926596758,4.10665389172
1.15732381708,3.99562278653
-1.17814354477,3.11265919101
-1.54873121066,7.83026003154
-2.26419464481,2.11850738398
-1.20532043062,8.88729436331
-1.38003522284,3.58529014392
2.40214415362,1.00708935687
-1.39799721881,7.74365647303
-1.07303523413,3.15530108358
-1.34369536423,2.63503135022
2.04027384415,0.208802086108
-0.666565065291,8.51715704789
1.4711168967,4.59865600627
9.49316597606,-2.37975249789
1.18604497026,4.13717822913
1.27802678119,3.98540976357
-2.24305555718,2.91933225873
0.305204161829,4.50151359302
2.42937549753,1.11725136714
1.48325624349,3.81781814868
1.98832275293,0.940865552174
-1.61165509344,7.5014915429
9.37955668033,-2.66983165144
-1.04918393671,2.38468291128
0.807453876049,3.75199904115
-1.79434139599,7.29416026961
2.06122541688,0.842788442518
0.867361155105,4.98700485411
-1.48794158215,3.55654703199
1.4948192827,4.78961569386
1.49160051776,0.633819648593
1.4003807322,4.18336969164
9.03644570667,-2.24922472302
-1.74130782778,7.34365654279
-1.72846569051,2.82846048358
-1.33886984677,2.89987383492
-1.88545290106,3.61451232195
-1.17757451646,7.39425335514
-1.03874063884,7.44298873664
1.85332236554,0.112779169489
-0.837984455259,2.95948374229
-0.998260253364,8.03324506092
-0.824328193692,2.49476065515
0.539273021846,4.44545506948
2.23644901044,0.0985140599551
9.5630120431,-2.97961606781
1.29057579564,4.30548422754
9.28593165296,-1.44090190854
3.02257606212,0.857053927588
9.19266812768,-3.02931813569
1.07699968204,4.45211766941
-1.95116222857,8.28820819584
-1.88001334837,2.76687097172
0.929315507374,3.85918645333
9.39570499949,-2.53983662469
9.07848293915,-2.16243369737
-0.879778057076,7.89868317399
0.917295773353,4.81367327325
-0.644351868008,2.88537481993
-1.82023943819,2.1192470945
2.15677927004,1.52277905199
1.33652424009,4.33900440627
-1.00009267869,7.46982779486
1.48900038659,3.74811570829
2.15618102087,0.142253896665
-1.84348567853,7.63373275602
2.00108453403,0.231971468954
1.84489559329,0.509541675062
1.3956018469,4.45677157016
-1.77225757899,7.26012878741
2.32387543799,0.453384647882
-1.53295717443,3.28484464749
-1.78987288711,3.08239841843
1.50789044913,4.01943063635
1.04669802063,4.40826879374
1.98264943011,1.70516562229
-1.10694421343,8.00325421963
1.08193976522,5.26325636221
-0.965205960391,7.97677524528
0.706875806931,3.80163368377
1.97887628918,0.837303907692
-2.43569705165,2.47498821031
-0.995603315448,7.26864173968
9.60120689459,-1.93269412416
9.21120034552,-3.00632859776
9.52968515303,-1.99747165055
8.81475669031,-2.01733525704
-1.20026224222,8.51901149161
1.32423391838,3.77104103936
-1.20817148362,7.77734094853
8.81709503739,-2.90608439102
1.87456662641,0.686849439832
-1.52957134585,3.53260929211
2.16821667364,1.37230472627
1.86155966108,1.41488438245
-1.81810997938,7.80778737171
2.04868522724,4.72880309659
-2.38808821511,3.2164849708
8.52065514561,-2.05123578505
-1.74609515749,3.3224175889
0.635228191355,4.28124948502
9.66210980914,-3.00907804817
0.858529627977,4.22177717474
0.87609752212,3.89290167933
0.567985814574,4.32716275556
-0.918138084043,8.74079893405
0.614735729668,3.99348992746
1.36443828364,3.10875873561
-1.67033219261,7.95863826793
0.668465174565,5.05058518573
8.96256106681,-1.68816803252
-1.36683743115,2.70310343965
1.66982033273,0.203949330086
2.18879744906,1.27115743152
0.720079654485,4.42524428717
9.02411613455,-2.17985531432
2.32893791385,1.39939670526
9.45877773227,-2.08934108739
-1.43269031704,7.63145817118
0.878642772075,4.50421429035
-0.673622010337,2.55797849906
2.65152384523,0.990063313638
8.37358479362,-2.41143662041
9.11922715813,-2.51310211277
1.71790686632,0.912427596364
9.07509221407,-2.02510402877
9.01050974334,-2.93007520018
-0.908483418631,7.20701915873
2.51231689813,1.21313226346
-1.70596445759,3.27004275771
-1.2752194716,2.43921924537
2.42996035419,1.04484345404
8.96886268254,-2.10882326178
1.75599461266,4.61181282554
9.27592767649,-2.80317479064
