1.10419593041,5.08798827874
9.15396026234,-2.12441145705
-1.89181661809,8.43522241655
-1.25137762329,8.6949107685
9.10532946918,-2.26770309429
0.931966442555,4.00522209859
0.666985511826,4.25092378156
-2.28503204472,2.69314471887
-0.735717559946,8.27773856456
0.743386509417,3.86331389074
-1.46427092031,8.65840895887
-2.03386925486,2.48867027221
0.376774833979,3.41790621704
0.629807845046,4.54644946353
9.64309806304,-2.40800724583
1.45709930824,4.09976371572
-1.78987288711,3.08239841843
1.13663495727,4.62174525313
-1.62661249241,3.10879593948
-1.03309952638,7.79355475922
-0.692043218983,3.55492756311
9.81982869987,-2.50791081293
9.75418409627,-2.43640950826
0.753024028254,4.27012508524
-2.14792619114,7.75519301872
-0.0783155507756,8.58491229354
1.11501913923,3.68364976727
0.594525843284,4.15723606648
2.32498373907,0.782321057778
2.15537594524,0.857894674498
8.86949854621,-2.9756611081
8.92120926647,-2.18847544871
8.7466376916,-2.05237535257
1.1034923146,1.53007810736
2.3992913753,0.776895929094
9.1560032802,-2.27313895072
9.46692358364,-2.75956587825
0.554223974528,4.49868590637
8.61310635304,-2.45032141674
-0.85618685342,8.13271687926
-1.40228382664,7.65352752636
9.28535055875,-2.81973621495
0.969584112037,4.67341999911
-0.855076804199,6.77848317668
2.42937549753,1.11725136714
1.34280399867,4.33030384258
2.50913630052,1.13508248219
8.91970533337,-2.58418285477
1.40437804264,0.694106035932
1.29370082457,1.22586951576
0.836371301282,4.34761740227
1.89467533382,1.1432094555
9.43056468201,-2.4360270293
2.33540113457,0.613627286152
9.42939576897,-2.21775567862
9.23318625625,-2.59099793542
0.877476615797,3.81597084815
1.72949960461,0.393830954782
-1.06526001362,8.05302229238
-0.913545705551,8.10192710649
-1.41338216195,3.94640279302
1.39780418714,4.93933479517
1.58699786789,0.755642254414
-1.27883107892,8.89756287919
9.51058004742,-1.87815285772
-1.6050277193,3.32209054141
2.01071378136,0.424869433474
8.55547702196,-2.44590261727
8.66369213165,-2.61684957079
-1.39763822261,2.91658801514
-1.87175143276,3.4945623645
-1.28755345892,7.58617588229
-2.2863867692,8.1646766429
-1.22092921047,1.94448831955
8.85573392662,-1.47320021627
-1.60083044354,7.88384357989
9.05119820054,-1.97761304039
-1.54697373995,3.03494206856
9.29554350836,-3.07510084911
9.17020727323,-1.64507872962
1.4411263179,0.887822200983
9.72877897926,-2.35014932421
10.0065190603,-2.37573973925
1.82008878405,1.36700357753
-1.07006647973,8.65063758281
9.0433739258,-2.98530306782
0.659154954411,4.72825465368
-1.23438512535,2.75400584732
8.63157750849,-2.55236819118
0.441283412544,4.07571996801
0.666743153584,3.75745249606
1.40253346404,4.23403278556
9.86724481676,-2.1911703857
-1.71150242497,3.53986411111
9.35285681074,-2.82077616712
-1.31686622053,2.99038010634
-1.54945236968,3.1121174951
2.23644901044,0.0985140599551
-1.01120400738,7.8809373956
9.8145007473,-2.29520280423
2.05985100485,1.88689701234
2.1269302322,0.0163166301265
-1.51322171454,7.76069110462
-2.06387003829,3.07550192514
-1.92679439061,2.85676783214
-1.59022619526,7.62291455776
8.83140034815,-2.94455457415
-1.24181375711,2.6439154585
9.75727668747,-2.15863836315
-1.55894991796,8.4784616066
8.43588568172,-2.06104647883
-1.4225468216,7.67904698483
-1.84585785703,7.93962005755
-1.878029954,3.57219834831
-0.794911710186,2.82273503045
8.62577083584,-1.97058416525
1.72187750454,0.623932642401
0.803074164415,4.34624554264
8.9719480868,-2.31075270641
9.42596989413,-2.47159176138
9.99663396415,-3.14225417231
9.5295810318,-2.45460438202
9.97671664003,-2.7481304875
8.96229192425,-2.55945077533
-1.15048576663,7.09494283994
0.208448492765,5.1816362553
9.33623848338,-1.58926656046
-1.85376863771,2.84027589283
2.14853935757,1.03614331854
1.28067740811,4.13188329744
2.06314954741,1.04329525401
2.73870922307,0.370641452285
-0.998260253364,8.03324506092
-0.665500649544,2.16820202677
0.539273021846,4.44545506948
2.51231689813,1.21313226346
-1.34327042102,2.18438106837
2.36012549764,0.920982835205
1.90037911602,0.783943857519
-0.912189549964,7.5486123741
-1.24732201488,8.29752027612
-1.54817898529,3.21674708354
-0.552253447551,7.93194272161
-1.20484016057,7.30679097019
-1.12131734496,7.68330577127
0.664847647044,4.99515700186
-1.04958226352,2.530824267
-1.32675240014,3.37795880643
9.44964130621,-2.0772404153
-1.15946331732,2.91895560039
-1.45526771822,2.47323875175
-1.46001664565,7.91959678934
8.99115572524,-1.7016390263
-1.10454070191,2.45921924406
1.76694094555,0.387223442763
0.59260644732,4.31411921747
-1.74609515749,3.3224175889
9.87644885311,-2.1772359459
0.686641797272,3.30325590895
-1.41419936604,7.55185842921
0.219721881574,3.90375021631
0.852218337994,3.98440974282
-0.638559036513,3.13289611451
-1.22109847363,2.72717754949
-1.60216656153,7.30604709618
-1.65855159291,8.34031832262
-1.30328733586,7.64299085177
1.13457112835,4.47444331754
0.0484015461776,7.56822215372
9.47683494817,-1.6045112529
1.27981480861,1.70655638414
9.75503795872,-1.54859035756
-1.32626336852,8.38952411746
-1.37281170514,2.81734051085
-1.38003522284,3.58529014392
-1.61731240316,2.97302135428
-1.05704957219,6.9887923063
-1.43717533046,3.79347488742
-1.3855924519,3.08567646532
0.751712591449,4.31339537818
9.98872055615,-1.89074107816
2.14481279392,1.79259302331
-1.0238611842,7.58450065863
-1.06915652926,7.9424608507
-1.86867698391,2.80504175679
9.69362884132,-2.69778849088
-1.01185492234,2.90943708634
-1.12153376933,2.24022215313
9.07660173924,-2.01699324105
-1.44803777881,8.02365152254
9.60873227998,-2.12685649525
1.66427937534,1.19303949782
8.5362873808,-1.14559836311
-1.96202300303,2.13860315542
-1.32271244365,8.37241852683
-1.42314511281,7.54440360863
9.31839670516,-2.75362577908
-1.75507049768,2.01303024047
8.95332902878,-2.30761353927
9.68753974087,-2.24982645034
9.60452967568,-2.7772121203
10.1759063582,-2.29442336005
-2.38811433032,1.88940750938
-1.99292659234,2.98163248553
1.40430747092,0.185455121127
9.96254407101,-2.47809173617
9.91700577703,-2.92670348594
-1.92072365023,2.65079811853
-1.75109924159,2.72374580784
-1.27800762643,7.64533559307
-1.06181769948,7.89124184773
2.50586647924,1.16640928692
2.44720032341,0.502576882497
8.82357989815,-2.16244286078
9.59147632381,-1.79413306017
2.32712905463,0.164351038701
-0.945213303766,3.59957929358
10.4416780865,-2.14922431346
1.62454637721,1.35395112929
2.24327778388,0.339566308554
9.27210451718,-2.09371340875
9.55120259105,-1.20778194524
1.08193976522,5.26325636221
8.51144505825,-2.31210711054
-1.90898680593,3.65115728079
10.1759670901,-2.19434862355
0.813550402195,4.78285063871
-2.4014595963,3.14661689485
9.47414944265,-2.84582473205
-1.70675429446,8.14929438209
0.855789986944,3.79618222829
9.3094555389,-2.20764503806
2.09422995251,1.5363284306
-0.718290678063,2.82592973973
9.68378212243,-1.77332329967
2.23702073081,1.76918426802
-2.22981046705,3.37063044153
9.27175605935,-2.37479332443
9.73688824244,-1.63334535294
-0.879276876118,8.31310574753
9.64239763419,-2.49202917439
1.30638967811,0.8407074607
0.599314959688,4.03775493075
1.3759197987,0.772837533654
2.25651296079,0.620409154442
9.00044210343,-2.05619357565
1.10246884594,3.85688170253
9.40750599839,-2.23001652663
-1.19770580138,3.06172466374
1.06999381868,4.74327489387
0.672820381251,4.31811107867
-1.18099348339,8.19034321552
0.855668561618,4.66489270556
-2.01995606626,2.42607878849
-1.432060719,8.3325095053
9.48701736108,-2.14850898939
2.68654765448,1.04879378457
0.796518015378,4.47031247698
-1.2584567979,7.14948219825
-2.17871410168,2.21012385769
9.75999849871,-2.2865888601
-0.887965225734,2.4835842877
-2.09115962281,8.54239413455
1.18467872674,4.42938042142
0.63890942343,4.31855126387
-1.24143001029,3.65105635781
-1.32536266437,2.57779441914
3.17506624788,1.66084994979
2.26509804103,1.66933788384
2.02236368076,0.313842814757
2.07242484428,1.1283865455
2.43800632902,0.520057774168
-2.21214965395,3.16851611559
-2.08064973376,2.68977428466
-1.72757242172,6.86181255987
9.17802606739,-2.21080188511
8.85724387923,-2.40136701137
2.00108453403,0.231971468954
1.19087434456,4.37058963907
2.0130325925,3.82678020722
0.180427775742,4.46375413418
-1.27666422974,7.46589073215
-1.1160573349,7.44102068249
-1.34369536423,2.63503135022
-2.18587232743,7.31744245461
8.73347213358,-2.36673522832
-1.14229673832,7.88599847543
9.31927220335,-2.45218087481
1.94008657029,0.741042789099
2.16320771909,0.969195063294
1.39968300511,4.48612916359
9.06532031869,-1.92022647095
-1.52993017648,8.04800756443
8.92896148441,-3.22516674714
0.741559223449,3.77067836176
1.5560026223,0.651280514632
1.10073812123,0.0701826882466
-0.621478930006,7.21580165879
-1.18369700711,8.23459317041
9.47966126674,-1.79440573321
1.38464809687,1.57092649657
-1.48034622012,8.40422860671
-1.42659639439,1.94707189326
2.02734361482,1.46428886826
0.9246211824,4.44272538627
-1.19936408308,7.8553181101
-1.97737912084,8.33324617842
-1.20791720431,3.10815061994
0.573310126009,4.47789345149
-1.24558330827,7.36345484848
10.0370274743,-1.84854424221
9.41263093124,-2.66302491073
8.85911592816,-1.65189060988
1.2143404358,4.49397020722
9.3890273218,-3.28243900039
-0.667699831721,3.66662516733
0.0979582328798,4.00683604907
9.04435134667,-2.09337217909
-0.632024806021,7.82324479684
2.29751584291,0.833563222059
-0.372533498601,8.27483180068
10.47355015,-2.33120038214
3.03229174863,1.19559708999
8.67976015074,-2.47332661961
9.53144549929,-2.77076321193
2.0924424859,0.527973127279
-1.68634371682,8.77066349891
-1.26867828861,7.81154776289
10.0510045703,-2.75942722274
-1.93780870513,2.83757669463
-1.29435244014,7.55654786697
0.772058260073,4.48525637052
-1.11312782912,8.78523385576
1.60332230094,0.448477382234
-0.94000776189,2.96504748497
2.39456368157,1.37705563138
1.55496288173,3.62563804825
0.631704091031,4.55389146129
-1.63669947333,7.25833347921
2.15299835612,0.932858691429
0.78622840769,4.35090864069
2.82580487104,0.541211900684
-1.81376183242,8.25828649272
-1.33670653474,7.57671548883
-2.04776673326,7.41480765384
0.778634793736,4.3853896206
1.57940437992,0.647470395592
-0.978261740323,7.48968752196
-2.42207527299,2.22463117399
-1.23735933518,7.6398042246
-0.716695770115,2.38008556327
-2.00085583915,8.11539385407
-1.58254634487,3.14511875299
0.94556135615,5.07479155219
0.760424962243,4.5829485617
2.26105686246,1.3307174451
0.942669488333,4.42020972555
1.76128940557,0.932994971266
9.34127137449,-1.73577853489
1.64860566147,4.21146610875
-1.68535981867,7.44663835312
1.37913720135,4.92252115733
9.40135407871,-2.99412486971
2.22821305378,1.3520339946
9.0250457006,-2.57377336917
-1.23448067762,3.11353722379
9.51127202131,-2.14398585628
8.74313616457,-2.48465526778
0.930506304997,4.31246305048
1.00322268595,4.2081519573
-1.29625100908,2.75627979355
-1.78621283052,3.17645627411
-2.33680104488,2.42077169509
0.641130408625,3.93188998505
-1.57750370343,3.32192113927
-1.27399811556,2.46432284986
1.98505677048,1.3697555945
1.86974523186,0.716107027399
-1.75744843366,7.70215577116
8.45497039204,-1.53392412298
2.11908050905,1.72270957275
-0.852932250928,3.17225250247
9.24293646066,-2.4587041276
-2.05090581746,2.3425510331
8.55602743119,-1.87290173026
9.63075395176,-2.62349704241
-0.825781497869,6.61313387649
9.51492075647,-2.46024546717
-1.24719680573,7.15926735206
1.7901144775,0.695854407146
-0.826204657315,7.45150269772
-2.29758720843,3.19371082702
1.81727608733,0.975833993782
-1.44302804562,8.00419594176
-2.49355732843,2.45295811245
2.40504215513,0.766695001465
9.21725974289,-1.85724219205
-2.28919664491,7.69319630655
-0.705499694953,8.48925501012
2.20400725589,0.832290154196
9.19577146044,-1.7869464131
-1.24196273406,7.57493595752
1.2788027192,4.48714515376
2.06145434073,0.0675481363053
0.948538197603,4.25549995312
8.80175384564,-3.27895836888
2.00882178328,0.424537980541
-1.44843614131,1.93072475307
8.95630169744,-1.8475528874
2.1482782517,1.13663278808
0.584411361415,4.0433049783
0.811995231101,3.49768993083
8.72591838332,-2.38057135627
9.68910502311,-1.9110223787
8.83715468992,-2.33943780159
9.77746407746,-2.83961437671
2.36016818655,1.48589639022
1.50947700414,1.02535995941
0.752155475735,5.17207675167
-0.292668884405,8.46404210508
2.78948636382,1.06765528632
8.97205864562,-1.96847832625
9.72779606126,-2.29260368208
-1.46205609492,3.02293839718
1.79242542538,1.04846118903
-0.795510007035,7.8466167123
-2.02113425732,3.1755582702
2.45418871414,0.77520436973
-1.00727601836,7.6556540285
-1.19230493124,3.01254397632
-0.799827151766,7.58879815514
0.263947799746,4.57845804805
-1.64954375004,3.24976694237
1.4711168967,4.59865600627
-1.39380342339,3.29704721974
2.29073530384,0.655751144087
1.33236966118,0.279789568719
0.549900210838,4.41378688263
1.61286433875,0.493418772794
-1.53191504553,3.52271572994
-2.03050511542,8.15367065059
2.42668502587,0.76341823389
9.86040314383,-2.37312658882
3.02417142809,1.1084008684
0.802178197464,4.07415559461
9.00893643007,-1.73497890132
1.87383278335,1.32489614564
2.6652167376,0.718497002
-1.45842437421,2.74952541721
-1.55833943744,3.03043351943
8.95204079196,-1.73107115052
-1.34477857267,8.58382754663
1.97296028005,1.30097545135
-1.6714705349,2.69802746199
1.58478147075,0.40947843318
1.41500981255,1.76270979989
-1.22421748987,3.03480688408
2.64707947101,0.75210779732
1.55926393552,0.886616419299
9.6424811387,-2.11022179577
2.25126329312,0.628012735081
2.06776048066,0.706169664191
-1.23436598175,3.73730493467
2.10052906536,1.14028623329
-1.37714481539,3.37407000771
0.84494326531,3.96111583213
-0.942386526287,7.66183584059
1.6051188644,1.65095722809
-1.21944488569,8.15274651131
-1.22560095999,3.36987089785
-1.03254227152,2.86070203806
-1.43560754322,3.47889507474
-0.918637391093,8.69363514473
-1.07989367574,8.42507908716
2.24330168788,0.87965523353
2.4233574447,0.772152236141
0.212122459802,4.47806354138
2.69947301229,1.55566003679
1.54271383453,0.351183037606
-1.39686282672,7.45979679205
1.24641240947,0.419118837768
-1.71133855552,2.71388041687
1.77400519562,0.721986947644
-0.932546539464,2.33648169836
-2.01700013109,8.56895202545
9.30757360955,-2.44884026714
1.63950711432,1.53313192417
-1.74254578855,7.66569101067
-0.855964451592,8.0039851449
-1.38029418708,2.9740285458
9.1408838292,-2.76151002218
9.78866783987,-2.39893742232
1.07859682735,3.84625493557
1.04599642011,4.47396046127
-1.38950967347,3.37875648108
1.99755863312,0.775366455017
1.56988167288,3.9066988591
-1.57065564566,7.60763692571
9.28544974943,-0.990180346193
9.44839288832,-2.89049456095
-1.43491022281,8.62587540501
-1.46860447898,2.28519707482
1.66814941805,1.04539924269
0.146888780976,4.08869902563
9.21046313905,-2.43959115942
8.95826937597,-2.34837925375
2.46029193068,1.70867266334
1.40858210785,4.90186560839
2.14221362039,1.48146760003
1.64878812357,3.37229406619
-2.26095279167,2.78221971965
0.0688870960366,4.06103274243
1.59030941019,3.9935351944
-1.18073481552,7.17519781595
9.55112745673,-1.89816955194
1.68078380607,0.975216272591
-1.60661583571,2.51705412896
1.94758405542,0.786606558933
8.93366159051,-2.57190933768
0.98574798815,4.34854183311
1.33652424009,4.33900440627
0.892995926592,3.94034550802
1.81736572491,0.849061933387
0.996580385491,5.35661849016
9.24581196812,-1.95428712079
-1.58026799382,3.13764902703
1.3956018469,4.45677157016
-1.7473267117,3.21434322509
0.671158476842,4.88781793324
-1.16853452294,7.37503210713
0.649751258238,3.68127354752
-1.26728344455,3.28614144021
-1.5539660617,2.52810630178
-1.54337279503,2.8799817779
-1.46432514558,2.53193066927
2.18342329104,0.75844374314
2.21533410351,0.682884838256
1.1680865074,4.60839594321
-0.746066337134,7.42121784225
8.22583339081,-3.43152199433
10.0272310004,-2.46175788245
1.07779397306,4.50615777255
9.24929584106,-2.67924443561
-0.640115170609,7.50328909656
-1.55264830223,8.05780637735
9.29561355719,-3.0520015626
-0.735048921473,7.30158811533
-1.78971532967,8.36557407146
8.6885272515,-2.04975968026
-1.29701034337,3.50925175655
-1.43987291461,8.73912719136
0.619741080734,4.06456466884
1.50672088557,4.22282115133
-0.972248650315,8.66512500506
-0.929713303334,7.82559995938
1.8158703072,0.467347369843
-2.02189087663,2.7359237625
9.59656029868,-1.62188278988
9.0882825094,-1.99398482373
-0.905488909559,8.02980848351
1.35416818375,0.669498013544
2.36987879061,0.763221839681
-0.634033224926,7.44353751486
-0.644351868008,2.88537481993
-1.18766445562,2.51819756634
-1.66313972083,3.3632380102
-2.02534511863,3.02362199813
-1.41887839504,2.96295399497
9.09613389426,-2.25836381386
-0.673622010337,2.55797849906
-1.99707135694,3.27333948514
-1.61170610018,2.38875651676
-1.39025860014,3.3831629054
1.65190114628,0.0144342558246
8.65966040532,-2.7175085488
9.1979915537,-2.60298451202
-0.930335431526,2.76399023638
2.27145854469,0.46197993118
9.4999559698,-1.47151549777
-1.3611708533,7.03616775484
-0.697921631882,7.68637112943
-1.08485687051,3.38473241986
-1.31031063925,7.16030104137
2.42330534547,1.00485374635
2.47564840826,0.271486288706
1.84343339725,1.02042203523
-2.6011801965,7.8142353752
0.923096258239,3.99770713565
-1.54672421704,3.79968516368
8.57209934544,-2.72260908764
-1.11210332372,8.32701250986
2.30695206306,0.419000643976
-1.99736989247,8.02913051379
-1.96188943358,8.2995536126
0.690139343276,4.60818231017
-1.60288639028,7.1871754612
0.710138878033,4.80977596048
-1.81693320459,8.5847322487
-1.59623659251,3.45500751767
-1.7399164297,2.82627545917
-1.8201493073,3.14504921669
1.35855307615,1.13705224749
1.44175452746,3.85549163928
2.1496997865,0.339382590138
0.958592810344,3.77814525346
-2.11483869854,2.47986307593
9.12248188571,-2.39790128058
8.58140828556,-2.37678811606
0.675795949685,4.45092049538
0.512799201057,4.14631281338
1.31311988295,1.52701660139
1.83915545569,1.31891205749
-1.4656899654,2.54064224127
8.44545015633,-2.42631249958
9.3124671975,-1.77834377023
0.883163424273,4.69986783788
-2.15230547173,2.03872690815
2.51481865586,1.21657653284
2.08563903719,0.905015797789
2.39364348589,1.1510090333
-1.48085288215,2.81704069615
1.23155070358,4.20358353222
9.55425650368,-2.30661700037
8.84943824654,-2.64744519179
9.70990010427,-2.77016363056
-0.860817803023,7.07451102283
1.65215042925,1.14441131866
8.92188637305,-2.00507951417
2.86892683619,1.09415097352
2.66188362262,1.30612811903
1.04108968557,4.95821040558
2.38485832582,0.728813579596
1.05611184256,4.12298590615
2.25454827262,0.995942342846
-2.12535535082,2.75790961276
2.21194367729,1.19612980029
-1.32163038811,2.49269067251
1.63623050055,4.68743570021
-1.38911248489,3.08154631305
-1.06690935366,2.73003900598
8.90488193623,-2.98148764603
1.19845387835,4.25154055488
9.32958378528,-2.29825090256
-1.36874228364,7.93138933434
8.45388792041,-2.2575970909
-1.75952995916,8.06284529078
2.10247574572,0.957924475115
-1.22421117644,7.62700388075
9.25920465038,-2.39128750337
-1.09601378209,8.48651644891
-0.761089658034,8.00106166232
-1.21159796413,3.23137505578
-1.87980363536,3.24696439071
-1.6968001268,3.30247148925
0.969213128325,4.37620500318
-1.30206288342,2.36947453784
0.510860799743,4.61050486068
-1.28495260575,7.58658215566
-2.08180997026,7.51446286997
9.44508711323,-2.11055573495
-0.761829773311,8.23567917431
-1.78020230443,7.51317988987
-1.25901887476,3.44175055613
2.54950411476,0.83563602957
2.07015790945,0.513291092571
-0.822004852664,7.82227753403
0.819917284922,4.04221651286
-1.80742889705,7.82299570917
-2.27066565224,3.39754932976
2.57063549929,1.05358615884
-1.57666973949,2.72328787097
-1.08125874843,3.64977643228
0.404551829228,4.74001584612
-1.4639092029,2.76306172835
0.95407424698,4.41135244801
0.7059741776,5.00229675847
1.89172052038,1.248236709
9.44415233396,-2.54517341546
1.10512473855,4.57776705296
1.70841458611,0.681283256545
-0.595327458432,7.5808584178
2.71038109976,0.922635161388
9.55035244543,-2.45631945595
-1.22214335083,2.9035222773
-1.63144093773,8.02544308923
1.69134463204,0.400807866328
-1.03970148628,2.85056698558
1.38585058719,4.44653552428
9.15930739485,-1.83694674751
-2.69392886736,2.96164515597
9.14357127079,-1.76498100184
-1.51509303518,2.86643143939
9.02347206876,-2.28716587433
2.24911453216,0.830212443658
8.84401777723,-2.71349593337
9.46450409122,-2.68196775678
-1.1892812726,7.43986681012
-0.41795914314,3.00510654295
2.28131522947,0.509643510049
9.0736339772,-2.63268009975
-1.19928890283,7.16252512177
2.87512931547,0.863620948173
2.44979456959,0.0755535397009
-2.12213391701,2.71615500171
2.63118293072,0.49897874302
-1.86216446079,3.37339949086
0.793433669846,3.91496708145
1.48325624349,3.81781814868
1.87468350912,0.755168777164
1.71530929457,0.35712297638
0.553728370841,4.76144677358
9.65995405271,-2.20352847673
2.14429019697,0.941651521028
10.3035877437,-2.44031994026
-1.96475055749,7.85084541098
8.41552161933,-2.87414935309
-1.79540589821,3.17305845697
-1.65035120398,7.33212337298
1.24171599788,4.14005086296
-1.88001334837,2.76687097172
2.09966787565,0.986395134777
8.94692775149,-1.97308625669
9.92032866187,-1.80889145853
-1.47927842359,2.53065287513
1.52990088487,4.8448582594
-1.94421733085,3.31763474923
-1.4839686691,3.969716609
2.2651383299,0.855187032053
-1.49739485022,7.98677432481
-1.98695505443,7.43494851734
9.75754535561,-2.96087981034
1.82535073988,1.24629140352
-1.70248603586,7.36886979314
-1.70795770841,7.62394907315
0.278576873259,4.49158079691
9.48500222006,-2.43728151591
-1.90676105212,7.64204753612
10.2624058333,-2.13031957729
-2.15795275302,2.77970144225
1.98329461694,0.52328278799
9.21257448712,-2.3005047523
-1.33355132546,8.0280726638
-1.23726993927,3.22788576131
9.51193014136,-2.07558491304
-0.266536391724,8.03325760836
2.07277643907,1.17961757277
8.84760145811,-1.86109601281
-1.68135978773,2.94973059549
1.4883632169,0.910542886822
-1.5679741721,2.73717545735
1.07504937865,4.48066564774
-1.15900859804,8.37095013805
8.71494323297,-2.28111222748
-0.887158265163,7.96551266722
9.55315991916,-2.51456088118
0.424824095073,4.68375066683
-0.76684919841,8.5533918915
0.551304257676,4.41093374397
2.68100780662,0.159056785968
-1.0716873273,7.54094108831
8.34106959569,-2.26311322654
-1.14702915267,7.68772451762
-2.24773244166,2.9008240838
-1.294498983,7.7534186007
2.28269164379,1.05932578037
1.90506158927,0.888605563193
-1.85778708645,2.63258736464
-1.76206435691,2.77967298726
0.990040899499,4.27244861715
9.81765256831,-2.90032963811
-1.28068863434,8.23331161026
-1.59321316228,3.39479509405
9.13044821365,-2.41123692924
-1.65244573561,3.1563074639
0.326046988963,3.75904298009
-1.41100838056,8.80463379417
0.957292925466,4.17468809087
1.87471190197,0.5376265457
0.77459566534,4.01158525997
0.469198464606,3.97498233866
1.8509313583,0.936342047983
1.27614246546,4.09646342312
1.36233584448,4.81728316744
-1.41405212924,8.05541359983
1.25163731528,3.70011380094
2.06729979364,0.98021627405
-1.26398418482,6.91458310433
-1.66158935916,8.65710860418
-2.0717890503,2.74070209107
8.52993754409,-2.11220936651
-1.20981478888,2.98789809207
9.25260563454,-2.20306159804
10.2276882924,-2.70570039681
-1.61154439534,2.45179578455
0.556515009869,4.86328105045
9.46123166609,-2.2148969916
9.39678183916,-2.24716328128
9.36826720612,-2.4484626368
-1.62737829844,7.75688387172
8.55347520453,-1.96019415483
0.706875806931,3.80163368377
2.0737545232,1.16472332376
9.7082591278,-2.22308878156
-0.793104223698,7.42879909711
-2.06801790191,3.10512709682
2.03496653477,0.933268435706
9.37548258819,-2.80534773114
2.3839258271,1.39472397305
-1.76166744945,3.26780553794
-1.38288964378,3.85351176049
-1.43500652675,7.45155213445
-0.996165021681,3.29436845555
9.81237648361,-1.52188418662
1.27802678119,3.98540976357
-1.22473024674,7.67357495623
9.16098187485,-2.40607650049
1.3301176615,4.09389873392
2.12796919169,1.6011957952
1.9252151765,-0.00172410407458
8.79757627886,-3.15228150193
1.31635320855,4.06117764091
1.6572677157,4.55269675634
-1.40279381358,7.45421543556
2.12756505685,0.468973431171
-1.14814176526,8.08041971087
-1.2606268744,2.70358126499
-2.06261636148,6.99867439311
9.00112185176,-2.96517055637
2.48728900495,0.710239072841
-1.1144232276,7.998848115
9.85995967545,-2.21541373023
-0.0900440288055,4.69261086267
0.659055469918,4.60977600736
0.771280451964,4.31165294901
-1.18998399857,6.89800448978
1.05127315146,4.58955147405
1.07699968204,4.45211766941
0.336406136308,5.20286756334
8.53029138273,-2.42505117206
9.48035185724,-2.510794725
2.53182978593,0.437509683871
1.31780423323,0.567672896525
1.85014611492,1.53943509835
-1.83784456228,8.32106880772
1.10223614812,4.25961965211
-2.00326136714,2.68882963397
0.526173172221,3.6086403339
-1.69708413432,3.3016823551
8.92795572776,-3.39750010547
9.1756618151,-2.65754654459
8.77313486349,-1.36485529918
-2.07253609824,2.88161292907
1.97720876775,0.668150367048
9.52245674751,-2.59553628378
0.532790246589,3.64146157409
0.858529627977,4.22177717474
-2.06574647626,3.58676192539
1.43929105021,4.27125817405
-1.63244612893,2.52937224973
1.20068070226,4.77537479763
1.32357582659,4.67436419673
-1.76602831084,8.98496225408
2.45099299529,1.18360469689
0.679244734486,4.38290585643
8.63462173147,-2.19461625382
-1.76312675353,3.04136990921
-1.86155649184,2.84632674813
8.82827626335,-2.52525608045
1.18210710135,3.86971192127
-1.79551671352,2.817550629
0.305204161829,4.50151359302
-1.32671996604,2.91618899362
10.0087377502,-2.07411763953
0.951361431936,4.18501552058
2.52330633171,0.971753374225
9.54700007972,-2.26521707547
8.49370791058,-2.49920509677
-1.8595301534,2.89145547432
8.64605895728,-1.99875223048
-0.896730504964,7.44140319339
10.1004368801,-2.77400683329
9.19385786645,-3.0662151619
9.37356505617,-3.63280354338
-1.17757451646,7.39425335514
-1.42137880819,8.08791131547
1.69530639102,0.798629559019
-1.59992387128,8.10449696068
0.462491321989,8.87728680094
9.70761839279,-2.11666395767
-1.60140890282,7.7589049785
1.80036958725,0.759202585123
-1.63143631646,3.24590070166
-1.270049175,3.61214061356
1.63999702968,0.244561335752
0.343586766226,4.03826138681
-0.734514199282,8.40882977802
9.04620637201,-2.20513429858
1.88059813482,0.870696058736
-1.2256774011,3.25025542438
2.2626249689,0.717219888885
-0.732361368506,7.86785335336
0.557699652411,4.22342223601
1.43996729888,3.38249170157
1.32342264941,0.836993556945
-1.97476321246,7.74159032064
-2.2143383899,3.3358161275
1.6967186336,1.59429372056
0.70769173433,1.29408556242
-1.33932732092,7.20132686394
-1.12261735311,7.66578697282
-1.41610377065,2.50478932363
0.81970961135,4.37414436355
9.65788427993,-1.79661736832
8.2690632726,-2.37662075627
-1.84698260325,3.42546274255
-1.34064286167,2.82820623662
3.23452575214,0.561300729809
-1.24958991289,7.03579039277
1.59859586295,0.626614325826
-1.30189650009,2.2735732612
0.614856454243,4.0948353663
8.89772209413,-2.02837791282
-0.920304090178,8.23393551497
10.0217088152,-1.91452983524
-2.06540575478,8.17345483465
-2.12556307918,7.40341251097
0.926549846267,3.55647241211
1.4948192827,4.78961569386
-1.34496255872,3.14483687016
9.93333553673,-2.58052761387
-1.84778873483,8.68614168203
-1.47973150195,2.47091651349
-2.19170664129,8.56523760585
-1.48506527809,7.91740491611
1.57377229173,4.25821065865
-1.22467655581,2.47950691556
0.878642772075,4.50421429035
1.04669802063,4.40826879374
-0.910538632982,7.4914791026
-1.28957073831,8.12850451922
9.07447863952,-2.24822794558
-1.45045893131,2.9587539285
8.78040371004,-2.2251402374
-0.959653609509,8.21069306543
-1.95554360662,7.82292824441
-1.41044510792,3.38598979525
2.65122895893,0.820173303224
2.24160863064,0.669408152085
2.55805491342,0.664158567947
-0.827102698795,3.19387906318
-1.35987636453,2.47246211404
2.30462493168,0.596107005961
-1.12518534443,2.7047604357
9.37436069489,-2.09578122695
9.0236254474,-2.38678996613
0.993653826875,3.5582655314
-1.76050155594,7.89358299405
-0.776259542358,8.09133489036
-2.29816593852,3.10016838427
0.955703296249,4.40301577254
0.501687269753,4.67289885424
-1.31064658442,8.25126916786
-1.6624392092,7.76333121645
1.96510845543,0.126342907716
-0.868460763735,7.98979945768
-1.93073828986,3.5191880522
-1.57107655826,2.51890584431
-0.759647023628,7.2139649769
-1.12580598528,7.62679301443
9.15159150383,-2.42589379055
-1.6774837359,2.52208156754
0.689423417048,4.125015011
0.616529998752,4.41214170683
0.0624620680448,5.23280911506
-1.18951996311,7.08640205271
-2.10587381841,7.57982144151
9.23762083241,-2.56854285331
0.960174446209,5.3751227355
1.59110041429,0.254167593529
-1.24363975711,8.64611215952
9.60925478286,-1.91303780891
-0.839698938009,7.34350823353
-1.57847330146,7.59586306909
0.394484469171,4.42396021866
-2.15981085802,2.83921174411
9.20160191536,-1.81009638525
-2.38808821511,3.2164849708
-1.43365618619,3.18048872844
-1.04042883838,3.62543090422
9.5977195746,-1.29644844349
-1.60666499051,2.74708290704
-0.997349880149,2.78621486811
-0.687579959172,7.18897171653
-2.33926727311,3.29155596374
-0.974905225018,3.21774180535
-1.70367328482,2.76655902474
-1.13741767742,3.49120230341
0.236935696458,4.12105501913
-1.12157825593,3.31899610919
-0.768904655706,7.99617916323
0.951010219345,4.30316405822
8.95611837972,-2.00025542059
-2.21089252004,2.820442469
0.720079654485,4.42524428717
0.104944165916,4.38873769601
1.66602072501,4.9649987739
2.04242953001,0.751535040651
9.13394379954,-2.56499153108
-1.18044161004,8.14844325581
2.31021291355,0.963500660638
1.21202103927,4.34357726662
2.06122541688,0.842788442518
2.14205630143,0.377005883571
2.06764688735,1.90207103522
-1.62450329671,7.98445160531
2.40121431141,0.708066245642
-1.57863680805,3.14101506237
1.49160051776,0.633819648593
-2.28532596041,3.05423723404
-1.20023155292,7.4251134313
-1.72846569051,2.82846048358
0.494431398867,4.77829060457
-1.79434139599,7.29416026961
3.48220616941,0.982938496834
2.09465668335,1.32009975399
-1.903154134,3.20687718583
2.31107403495,0.747898365754
-1.03452886707,2.42547383247
1.61963056848,1.1123443015
9.38546133105,-2.0843213232
-2.01958124147,7.90711540619
1.21961819193,3.48565239378
-1.26438841015,3.33485440707
1.61661265198,4.48202629068
-1.33811816443,3.33387757121
8.92558585817,-2.458801077
-1.19967532171,2.90037487333
-0.553215310077,7.64926689347
2.32387543799,0.453384647882
9.55658038039,-2.04236574604
-1.15696965266,2.82193540474
2.07329967688,0.750173947155
-0.874922346611,8.02148327503
1.12478588008,5.30546227673
9.04141594309,-1.84552207411
9.40001864102,-1.91914807628
9.67487526207,-1.93691797873
1.13503755147,4.23503883685
0.81215798357,4.37430406232
2.26053638756,0.736753095552
-1.0605815247,7.56191943887
2.52964758046,1.32553882359
2.68595305864,0.968958890991
-1.49815072698,2.19458818968
2.43551554278,0.593646437504
9.14669813728,-2.32365169506
2.14199556986,1.21106106296
2.75784334096,0.474542053757
9.37274611635,-2.70323571275
-1.80826467837,2.58646123416
1.28746251653,4.61642444209
2.04868522724,4.72880309659
-2.09675821786,2.8902096174
0.610256161905,3.64389637994
-1.74733850405,7.92213726516
0.765281193961,3.31313874897
9.38300677226,-1.87862705037
2.45360191498,1.56085782675
9.324037545,-2.60711133917
1.83215954889,1.44512363112
0.767651889956,4.52045399065
2.16631223222,1.58434456234
-1.32884285708,7.13731150344
-0.85780642664,6.82014746263
1.06535535902,4.79065817576
0.648199982089,4.39223815778
-1.15631240897,6.97114249612
0.621368914017,4.79637459607
8.90735254975,-2.60357918432
2.4463203757,0.980545229055
2.0995375795,1.06930097433
8.91826809445,-2.90854075516
-0.568519645354,7.57829472887
-0.77666179809,7.82023788068
2.09990970957,1.60699819762
9.06605103779,-2.8990782682
1.92882603821,3.5788920459
-1.60951985678,3.06422168294
-1.58476841086,3.12282125725
-1.97724623383,2.19978233618
1.84407769011,1.29172671539
1.93322421848,0.304935004975
-1.45792420211,3.23024018
1.83489126137,0.771980158763
-1.61985648821,7.87578895167
0.69082513639,4.14055380275
-1.25654884733,7.68998012933
-2.14022743947,2.56159182929
-0.05360893946,4.41695531421
0.736649614902,4.59406220051
0.563167932128,4.41741080963
0.680203336905,4.7397845148
9.03838778231,-3.04765738508
-1.90902090516,8.09487543202
-1.63719080323,2.56747829864
2.16902909887,0.71405704087
0.544043106812,3.94688451423
9.26711306966,-2.37542509408
-2.00983835642,7.40966073648
-1.0684923239,7.61554739348
-1.15316041232,7.74438259735
9.78395939973,-1.83484329211
9.58739851913,-1.94725294948
-2.51305639942,7.76766587853
0.0336986965037,4.35946218885
-0.857851899883,2.93713313528
0.77318371185,4.42334691618
1.39454737871,4.56578839358
-1.12105047262,7.34381664917
-1.7227563955,7.44592487693
-1.68102549883,2.46813875388
2.08570292496,0.689303870589
0.610354251626,3.5269601564
-0.641425656258,3.11933970842
-1.31924301837,2.89696574112
-1.93185292776,3.13481853524
-1.8435210401,7.84590523759
-0.728493879184,8.13713627562
1.07889407485,4.39445330347
9.95168219701,-2.23400116049
9.61472850708,-2.65063823197
2.70027614773,1.08594276503
1.5451507499,1.34620549921
1.40191003319,1.06965491444
9.89547489668,-2.50645289822
0.958363559793,1.39937971171
2.12161300218,0.457804465177
-0.813418174209,7.93006416324
9.29201009172,-1.98308679332
-0.751240689172,3.2387395647
-1.56923211589,3.09678660836
-1.76822557806,3.46230901132
2.0940471005,1.8835677659
-1.90791722257,7.80414516592
-1.10545774558,8.11116636907
8.51581214686,-2.17634886139
-0.916870643083,7.66175850265
0.67579935429,5.06065211048
9.33219697753,-1.58094797518
-1.30109412401,2.89263749833
1.31036270419,0.966803667305
-1.16252068436,3.40385130905
1.26432926529,3.57615710751
0.876155423937,3.91727336893
0.817225791606,3.57637394256
-1.21992406488,7.44321966989
1.52746183243,4.3329725753
-1.46852286319,8.17905367556
2.157573199,1.62407595621
-1.32232340414,8.02203609878
8.70756181911,-3.37455086801
9.40564009979,-2.69162270579
1.07778182715,4.9289027195
9.6285336059,-2.26089084772
-1.35185304993,2.76512781667
0.886990574977,4.34617386259
-1.41637662067,2.90303384521
-1.94898043109,3.04106051362
2.46620838735,1.8927506099
-0.620027786681,8.36459354904
0.011612667343,7.68886066958
2.10591841034,0.60266839667
9.73202356426,-1.59190546801
1.67943081085,0.471630475007
0.811772088053,4.72592897086
2.07559215661,1.73436951017
-0.841206974294,2.89210572143
-0.968436087366,7.47400225136
-0.840013584064,7.45501141171
-0.825778385436,8.03663438419
8.98742583068,-2.05951511435
-2.08910634491,2.59847896628
8.40099437197,-2.24514796696
-1.5565494159,7.51617556082
2.05592947154,0.552646475396
0.679921243484,4.07238204278
-1.23458201559,8.17971090546
1.20039366065,4.29200082064
0.867361155105,4.98700485411
9.85694193899,-2.70203589445
2.78339194248,0.52667955534
9.02555007489,-2.86834922682
1.87620707707,1.24982415632
9.700095025,-1.77709538454
8.51667540738,-2.39893901787
1.31797688985,0.098288782582
9.65154702518,-2.21367184178
8.32081393057,-2.42794798506
2.5228609196,1.11325651078
1.30436083153,4.36182963729
9.11918959029,-2.47080652488
2.40214415362,1.00708935687
9.57871039242,-1.81204150927
-1.51070085741,8.12526078014
9.07599493525,-2.66558824002
8.85041692526,-3.40295718545
1.61768622122,1.50346314289
9.26576457504,-2.26774992166
-0.93587625057,7.7390669175
0.707477847512,4.19672254907
1.62455115851,0.290872716333
9.59535777748,-2.25976922646
1.14090203311,4.88780869759
2.15200203721,0.941412314339
9.49915190876,-2.019621645
10.0611686891,-2.51945014537
9.79380666068,-2.56165125863
2.18320905498,1.08459394171
-1.24637702516,7.16788881663
1.25762423151,3.58286138243
-0.0315517478513,4.48446190224
-1.71391365288,7.48574363634
8.84663458001,-1.6853629724
-0.991825831736,8.16915798857
-0.647363450187,7.64948635324
-1.69868480248,2.8491247528
1.54141188279,0.307726993239
-1.70165546885,8.09055123324
-1.66814080315,7.72801067306
9.70381905913,-2.20530954211
1.36443828364,3.10875873561
1.88259714826,4.16574272824
1.43607584206,4.05514402441
1.60287717888,0.943296875939
1.60255093537,0.527966238417
1.21074927295,4.04468274103
1.97957112119,1.06772320572
9.15118820317,-2.63877501869
-1.15617637271,7.52671419612
-1.26116323162,8.59301609254
1.51752345906,0.672479309651
9.73046753669,-2.46926245593
-1.28922047528,7.01242052976
9.25460600339,-1.71199591282
-1.67195132864,7.95008200715
0.963588075794,4.49653666919
0.999478802793,4.69406181041
-0.172575338579,4.5979156954
-1.65558563139,3.59149220842
9.28636017537,-2.0793732224
-1.01331831074,7.60728303538
0.801973010713,4.16775108969
-1.41682935062,2.56691679932
2.37188102102,1.31577897643
0.810138251472,4.19606669754
1.6774329202,0.281953367036
0.837168578399,4.19872732975
0.799695029379,2.93302295279
9.64460273507,-2.93796384396
1.71484543344,1.03334498577
9.36103532525,-2.1687185589
1.22645328442,4.70540057675
9.55868323969,-2.28841842537
0.42819774833,4.16655369041
-1.04524200558,2.59388161725
-0.658667342006,7.87660659058
-1.4789104807,3.6014337373
0.459845153367,4.14263599348
-0.822763319495,7.74483697116
0.926526782792,4.76286504772
9.62652053453,-2.22901843655
0.216566566049,4.2531776353
1.66026776589,5.07760251579
1.19277188542,5.54549712876
1.29057579564,4.30548422754
0.996861411332,4.21955459494
-1.15666290956,6.89746555473
10.0154169189,-1.85185993495
8.88386914643,-2.3728072797
-0.566873815793,7.93941842264
1.77958593894,0.527390914006
-1.2482842985,2.0744411878
-0.957457776043,7.77625310557
9.28422265394,-2.33870185324
-0.763098096766,2.66291090025
-1.32178528875,7.76512345489
-1.15384265584,7.53951391392
9.11589424902,-2.6330109558
-1.76303789295,2.29450734864
-1.31738887732,2.52541098234
-2.15701930688,2.99648830314
0.735398504507,4.31521967122
-1.44436112222,3.04744420583
9.70766706106,-2.64626343898
-1.67483147495,3.21666654532
0.44564900976,4.8894299597
-1.26878220199,8.00284001385
2.0690134829,0.881066071058
1.37039482126,4.25198896663
10.0417264011,-2.46647837518
0.935598175272,4.91920608536
-1.62865912462,3.78449484319
9.50692634489,-2.63383201744
1.30026275711,3.80747953162
2.29944237401,1.21983616198
9.42119409428,-1.90790535499
-1.49172682661,7.79431303658
1.87456662641,0.686849439832
-1.17990053664,7.57570848502
1.6112975073,4.65739904952
8.96126620744,-2.44840045604
0.890476006435,4.12610504613
-1.98676500921,2.40018526491
1.70683473521,0.776438259635
9.63532778587,-2.21649506808
2.1895709022,4.27052122762
1.96214240168,0.592520702584
1.68914932274,0.662924980451
1.34225441801,1.27766809791
0.766189582823,3.66617957654
0.884966500201,4.25434007676
-1.77476375479,3.27430093562
-1.25593044291,3.31085513307
-2.1433407891,3.2686395004
-1.38689801248,2.43261977047
-1.24385419887,3.05919749097
1.92005206792,0.737900730963
2.40402798988,1.09244058961
2.8064303843,1.0335588046
-1.85392442491,2.82015885926
-2.3590128405,3.55236072361
0.424290331818,4.73913809497
-2.22093368108,3.30584888693
0.731982414339,4.49100984827
-1.52957134585,3.53260929211
-1.25987016746,7.1323760854
1.85332236554,0.112779169489
-1.52812344595,7.90915671648
1.67913229107,0.473721544945
-0.735035983862,7.91323111959
2.1662595513,1.17126028917
-1.92601096005,3.31311895231
0.917295773353,4.81367327325
-0.570666817305,7.5674697722
9.14225429356,-2.52044248228
9.37649331346,-2.14468697896
-1.26990459326,2.67321994798
1.11047725694,4.90066098096
0.777854894015,4.17762735462
1.32126851029,4.46411909531
2.62125241931,-0.0413220808013
8.92949730723,-3.02190076865
1.36485392482,3.94164814416
-1.56395865428,2.70205190455
9.75804690664,-1.96617926899
-1.82023943819,2.1192470945
-1.66190700978,3.31186138025
-1.77671086869,2.84026521863
2.14376114304,4.12197279522
-1.15970923421,8.27179069379
0.805455905991,1.41594394859
-1.70515945221,3.9323099258
2.19887080147,1.03593281117
9.61480332939,-2.08232861787
-1.82064666543,2.26135893256
-1.46446865014,2.34443854585
-1.61064005108,7.94289880732
1.31619814159,4.69412066256
1.7860998178,0.213645981602
8.80877650753,-2.41098229096
1.97257744282,1.26874185878
2.6225235017,0.852486583407
-2.09304654287,8.32521086006
-0.846666305774,3.6857929726
-1.23547197466,7.65633234921
-0.88042708138,8.1264370419
1.75829330414,0.993521385281
0.837214242475,3.5495856146
-1.11680104667,7.56910136458
8.66595934988,-2.72416197592
-1.16947541827,6.88215723005
9.31120727635,-2.46512258702
9.42768985935,-2.84602500934
-2.75075972717,2.42441147514
1.83780522732,0.898820692032
-2.15331117567,3.18437481807
-1.71135661048,8.27334601751
1.24857411638,4.70678752095
-1.71375814134,2.61473338424
0.633318548181,3.90428626596
-0.873910771469,7.83854755498
-1.93526370486,2.83130036782
1.30166530073,4.31486278381
1.72637440775,0.158897206974
-1.1028625745,2.01557581934
-1.18894262634,2.51328143904
1.00983396149,3.81909274622
2.28604392735,0.750820351967
-1.56483766678,7.55870063373
0.746407766641,3.77250284459
-1.39411991074,2.42343645583
-0.94047258048,2.97572360392
-1.24440605804,7.37780272491
0.980927270101,4.62780251915
-1.52605983069,8.07013242423
-1.41931482705,2.64433291051
2.17632835436,1.13387669858
0.682737958576,4.06925213691
0.36436875207,4.28515696225
-2.02164821922,7.35982947007
-1.68346295672,7.38071422169
2.01890229561,0.580927093742
-1.50375103343,7.56943816463
-1.54616669632,7.49934766396
1.12877693489,5.21325693012
3.15832089502,0.802620967304
-1.94118588108,3.33275292323
8.58164126257,-2.58418429661
10.0548003798,-2.10227555377
-1.51100124142,7.23655443895
1.4373983735,0.417179754979
-1.85373425236,6.3089250186
-2.08745017301,2.39084661039
8.84279420605,-2.06209698078
0.793596301312,4.62975315464
-0.976148861136,8.58619999248
-0.936952736916,8.08943470974
-0.711041053965,7.60248482669
-1.59334084975,3.42719764191
-1.84825980025,8.00096282056
9.26757929597,-2.18607714819
1.67040931567,1.46341250281
-2.93130106182,8.27356957348
1.98832275293,0.940865552174
-1.64220872732,3.30383012089
-1.94689632132,2.90236849059
-1.98250973196,3.48063868598
0.680861424809,3.02823780007
-1.46353921988,3.13095197908
9.60794854265,-2.65750453942
-1.73475623013,2.63596166092
1.44094422668,1.77385804921
-1.98718878158,2.40007085942
-1.17421899107,3.77348528466
0.747887157801,3.8304412813
0.64346673017,4.99814389538
-1.03032731819,2.65901706367
2.63853496182,1.17507035062
9.39493996166,-2.09302996327
1.23175467374,0.584537856231
9.12823982867,-2.99215926799
-1.37980817888,7.74836831569
-1.91416380164,7.89606928369
9.39651092595,-2.42556638537
-1.1779913687,7.58490463068
0.790141537205,3.9674326623
-1.59100555418,2.32893867993
9.55870831835,-1.84939689892
-0.785021761542,7.88138692162
0.192209789532,3.7173280881
-1.28802368088,7.95591191765
8.55936444367,-2.24203045616
1.65964523846,0.793667936521
-1.03750817126,3.25056930124
1.34541488731,4.9157641712
-1.87288613508,2.39178917504
-2.1436613763,3.05763638102
-1.27990860382,8.19446773966
-1.48067512362,7.79796318728
2.0281381313,1.02280013152
-1.34284916797,7.63556863684
0.551269263383,4.11926496551
1.55264022225,0.881780127117
2.49866040046,1.24277751129
9.20912553133,-2.47955368763
1.4003807322,4.18336969164
1.87511055468,0.235118342128
9.33318615832,-2.5749248804
-1.85269241914,8.17657713878
9.5021354412,-1.61457805518
8.94052478422,-2.56193506081
9.1487191434,-2.58354824618
-1.34691564308,7.63455085954
-1.83786292915,1.92540485157
3.19213322959,1.69412828463
9.83933268435,-2.71757040263
-0.570195446719,7.65857563753
1.69301691803,4.18742964319
-1.21251140778,3.15261361359
9.01523987977,-2.13996935439
-1.97837360383,2.99646557135
9.45303321741,-1.63397955627
-1.27713243914,3.21304824645
-1.61141172811,3.13700404856
1.17989017023,4.34784059288
1.50789044913,4.01943063635
-1.31358238463,7.5941103811
2.49120249833,0.569002966937
-0.718070560729,7.28640729502
1.21174457579,4.2265914784
2.47097597357,0.838008053344
-1.72343748633,8.09687968063
9.71138683632,-2.83108912447
9.4063370575,-1.82243682264
2.06378246818,0.860748291022
-0.874472626809,2.52123108142
0.451952650194,4.70915924658
2.47652563817,1.20293470442
9.17451629293,-2.43929759577
1.46448516789,1.5343570211
10.3467849446,-2.86169452344
-0.718501350267,8.30345631876
1.84489559329,0.509541675062
-0.928871676823,3.01593878554
8.8500711613,-2.47348799678
9.56866386794,-2.30153659289
8.83671947939,-1.77075017624
0.916911190646,4.48593014287
9.31821248684,-1.75434322327
9.61019790859,-1.13539675138
2.59970007832,0.264916512812
8.50188110068,-2.35350833033
3.02257606212,0.857053927588
-0.967781752454,2.37148448472
1.46288929405,4.01966813265
-1.56723819381,8.48864762328
1.86155966108,1.41488438245
-1.94506774757,8.4256022225
2.72348404085,-0.0580868481826
-1.87665663219,2.78288065171
9.90672193311,-2.25157035583
-2.01915678875,3.01049082301
-0.85318989855,8.33215831676
-1.83697580646,2.67124302697
-1.46615046453,7.6878968903
8.79722706378,-2.54231964782
-1.52709181011,3.08625205002
1.32655552913,0.667695451327
-1.22696874973,7.94329077698
0.836071439089,4.32906173145
8.75556235675,-2.18306823969
-1.19240254527,8.66214632518
-1.25043452235,8.62191071937
0.980995087871,5.10742904971
1.38870683844,0.325012499173
8.89779799443,-2.38011096721
0.663714541667,4.2364517843
9.16494599132,-2.0528798545
1.12502961887,4.73094824055
0.950408795237,4.12773965397
1.04014900204,4.16008953973
-2.18858479403,3.37257466024
0.673662877047,4.14198840476
-1.18713165711,2.28944140443
-0.860037429415,7.54406790408
-0.92166586986,9.03368703681
-1.60242050651,7.57231309425
1.13804705835,4.23873225983
-0.948740595617,7.83708735107
0.100703691123,3.89303475509
2.55804508099,0.19390657426
-1.48800037742,3.02935013164
2.41619080387,0.0667242681888
1.07474833735,0.614320967815
9.56168201109,-1.914158572
1.32423391838,3.77104103936
1.6156645974,0.632352694793
-0.742355994245,8.86815654046
9.80138026161,-3.04767289293
8.6676572398,-2.35029377289
9.2121127799,-2.59971649295
1.07233610056,3.75992918327
-1.48854035467,2.96262215535
0.707928761244,4.28013204413
-1.58568319142,3.54819232683
1.14849967205,4.28837830121
2.10001025476,3.29339258568
-0.719435848382,7.329343794
8.29960570757,-2.19233438615
9.79752269085,-2.01026548104
1.08413666765,1.49101161808
9.80520115177,-3.03796419064
1.94972625572,4.90522490469
9.18235883015,-2.98314127339
9.58684732837,-2.36021803202
1.90904679019,0.577575798054
-1.2498860425,7.61933081638
9.99732544917,-2.26681212005
9.40504082431,-2.37919133974
-1.23979319815,3.07089333055
2.3284677738,0.425986976866
-1.21886825234,7.4873792544
-0.958498941671,7.18701357131
-0.087608139167,4.31293770922
-1.02269354642,8.78586884627
1.18047193923,3.4804041425
1.059036551,4.13031693528
-1.19678632252,3.82322117974
-0.843376909089,7.12512143197
-1.21110149577,2.95086070574
1.70508493678,1.67921239058
9.46011806671,-1.79257823875
-2.12114041929,3.14247018539
9.23264267853,-1.78785087944
-1.11043315501,8.28507744823
-1.46994805253,3.27473544315
-0.692333698342,7.72574830693
1.02024631402,4.56611648334
2.07602829796,0.466395143836
9.72637543123,-2.11306349391
1.51358668494,1.08533323627
1.60578556319,0.564602104105
0.463358973604,4.65701821201
1.09829666163,3.94311372902
2.14063369687,1.66382022845
1.849329254,1.06497864661
1.39767065517,4.28799449786
9.88380947029,-1.42486328184
2.03918329134,1.04887074414
0.546094828325,4.14809552838
-1.66314122144,8.63378536761
-1.31823271042,8.1285459421
9.76036785931,-3.20952949622
9.86122792058,-2.12884206731
-1.74073281085,3.49071144835
9.15674777961,-1.56099957893
-1.51098415454,7.37479436206
10.394424001,-1.8758347999
1.991058051,0.345227270753
2.16821667364,1.37230472627
1.29099129616,3.8262372981
9.02511107189,-2.48870248612
-1.86989101755,7.55977266348
1.66930134106,0.958618258373
2.64416845999,0.886054308723
-1.07320939949,7.49254248371
9.58082922856,-2.32976993522
0.780450980272,5.13595600526
-0.922844852156,3.00691625064
-1.19109499575,6.91330565468
2.46801721539,0.87199436949
0.980152633059,4.54093922125
-1.55555168318,2.20691352298
-0.41190548988,7.38125657132
-1.70441594738,7.26054524811
1.40064081784,3.07093260221
-1.55160369636,3.15303318223
1.73129428197,0.495555178897
-1.28460736306,3.13538609463
0.750002563257,5.38939148324
-0.745610023009,7.71235991558
-1.29439404109,7.6442638156
2.35495273716,-0.242885848
0.242680822412,4.51203934243
0.455460211911,4.16325581444
1.86740271398,0.403790165291
-1.07142828039,3.54076628739
-0.949349246902,3.18695818246
2.16288303273,1.52671697743
1.29723475649,1.26061735549
2.12990610663,1.49577723717
0.911659298274,4.13187587542
-1.18533380575,8.61794575925
1.20370466944,0.817647745272
-2.33957533139,2.90918700495
8.94877641147,-3.20456671617
-1.16135389802,3.16370460146
2.48465283284,1.1425287985
2.41939865502,0.358521863852
1.34598364897,4.30616901828
-1.47656143462,2.61381584682
9.02379990124,-2.85714326837
9.47538125632,-2.39025548185
-2.25576206764,3.17556441908
-1.64239657419,2.90056776513
-0.736788988774,8.15429398901
2.32893791385,1.39939670526
1.76409343456,0.974723255256
9.730759914,-2.4799887076
0.820457827105,3.94620098297
-0.800999768615,8.13078181307
-1.85963189935,2.74870027665
0.241584541741,3.59829185151
2.80254092339,0.260192092846
1.71793079804,4.37768981742
-1.38721708395,7.92486285221
-1.82377407447,3.13118580161
0.798417036352,3.78204809507
0.635228191355,4.28124948502
1.1402866407,4.96588220771
8.7661768251,-2.49320747684
9.36904283424,-1.62624557708
-1.21910219206,8.26064701654
2.00802665597,1.51300040205
1.46145886522,3.15215422759
8.6308012746,-2.17234940437
-1.444021088,8.13141695902
-2.27740496502,3.18249924827
9.90251864594,-1.39084491829
2.20784418661,0.63232924106
-1.59338914051,8.36468714005
-1.00009267869,7.46982779486
1.44848163194,1.46690615837
1.96153922504,1.6061307168
-1.47511521082,8.41079815068
1.55819005255,0.883742344165
2.03226124228,3.72816482929
1.70752017409,1.29458912965
-1.1385462943,2.65251825327
-0.96831936408,2.84772816774
9.02734860089,-2.66770737595
2.16881666556,0.721804561701
1.90582149663,0.573019576931
-2.54555114869,3.08664122525
0.867668072393,3.90860167318
1.89508934956,2.04076788928
2.15212573187,0.444799175183
9.67910887391,-1.59520304286
2.15093169233,1.59382783358
-1.77051582802,2.95906713738
1.39764942315,4.06724906055
0.929315507374,3.85918645333
8.88012142537,-2.80715887843
-1.21968505857,7.73583429139
9.28428616451,-1.4358077386
9.0585798724,-2.25440043278
9.33794735007,-2.27257018284
-1.74353069404,3.54656164692
9.58841601175,-2.42804257903
1.02808662146,4.13317092415
1.6414247109,2.08698473439
2.03759692547,0.470643895056
9.6395272696,-2.59861901065
-0.670725823955,2.56883341276
2.25642839203,0.945237657898
2.08009463108,1.03220351519
-1.51211188466,7.63436803637
0.518151234667,4.26875268728
2.26208072861,1.02368969695
-2.16177450424,2.9920929895
1.75599461266,4.61181282554
-0.220357428552,4.57663111341
0.446337045429,3.79069899203
10.2310331772,-2.50632798115
-2.04169532804,2.59407402617
2.19901184643,0.835663013509
-0.804957169485,3.01151354967
0.567985814574,4.32716275556
8.67586949787,-2.62104685016
9.46655141263,-2.94085716955
0.99416510911,3.59863970756
0.968610892309,4.47440560845
2.65944742616,0.564692526104
1.48900038659,3.74811570829
-1.49419895863,2.82525694998
2.12486849657,1.36636943491
1.54555510569,4.39896098318
0.835880829984,3.92565664948
8.99097063243,-1.64087156964
-1.0627332525,8.07728855174
-1.65656316695,3.23818563198
-1.94997447956,2.73944657878
-1.91445101225,2.68856445151
9.16544193032,-1.69206665776
0.250016047145,4.20805420135
9.27181121472,-2.46726454413
1.10029038184,4.9495595515
-1.16965785018,2.60323538574
0.255443856509,3.90455590362
0.375853766415,3.69776444984
-1.1054258376,8.51296514303
1.90151237751,0.9085945713
2.76843675874,1.18924916589
-1.62480274394,8.56118788328
0.50590606378,4.84880270781
-1.57842318374,3.0311158733
10.073064409,-2.28254866542
0.186119316,4.50670783526
-0.343196340975,7.72948352419
2.24542868896,1.14402991739
2.07242062151,0.637150496963
-1.4748547299,2.6715722529
9.67964501471,-3.68451636548
8.65620778793,-2.24168584433
2.48751827244,0.999291875309
8.83175948273,-2.25683724288
2.68190082368,1.36457721011
1.99765965934,3.64932277388
1.98226922002,1.24390724012
9.90290867613,-2.43292530034
-0.162699291065,7.62971247703
-1.66445765764,7.98374511462
-1.67585878475,3.12051223512
0.875353558133,4.16777494874
-1.80639122719,3.69843974005
1.60687525263,4.1191155203
0.369703638363,3.96107930273
-1.61888174915,7.47784226272
-1.01750170307,2.66544080992
-1.70395611776,2.91910515428
-1.50710603307,2.77502426361
-1.58550443813,2.83264419337
9.4492992655,-1.73229718083
1.24160275451,1.08276406924
-1.51690831419,3.16243630915
8.7298053144,-2.57661923936
9.35790629403,-2.44473970939
1.10537709815,3.25951990334
9.30208117142,-2.80987060852
1.81667161074,4.71150742367
-1.66239666716,3.15952682284
2.42631827024,1.13669392488
-1.47599022498,7.52565925322
-0.809930886044,3.17380734094
2.3845140386,0.868193891123
8.91030286149,-2.85952525662
8.9353344681,-1.75622632007
-1.54873121066,7.83026003154
2.05869539568,1.2967527689
-1.92050214812,2.60990156107
9.93811346401,-2.45496854919
1.93069717378,1.40342104746
9.32177253919,-2.40926822555
0.662923084309,4.17310863209
1.2465434445,0.536649732659
2.37911819817,0.785874971921
2.02748303578,0.69658734579
2.76976020712,0.608197739133
-1.54944120188,2.53825523839
-1.79274473203,3.35526889357
-1.44641877069,8.14152561035
2.60489075319,0.810884837093
-0.956111037221,7.58921878084
9.70475462498,-1.47665516319
1.15584093408,3.05612058706
2.9403113088,0.809358375713
-1.1655667018,7.49062067227
1.98180279446,0.858758782718
8.77641439083,-3.20347615304
1.86127416955,1.15540177502
-1.40777157223,2.17005049608
0.965323322567,3.97167341831
2.49790380954,0.859136930534
8.44459285816,-2.48037922633
9.19971691154,-1.96056965214
1.48413740758,4.5269877533
9.96009323995,-1.69060585816
-2.20205178241,2.54955539807
9.24330192862,-2.31662113214
-1.70936661894,3.11315479704
1.18581817643,3.61247766862
-2.5943912554,2.29609700706
9.4798573858,-2.51672507521
0.624086958424,4.25411214289
1.70413053851,1.01966441834
1.57252640235,4.39618698115
1.57317781761,3.86971443656
1.51088348511,4.44641150281
2.57202528274,0.487780990001
-1.21630181241,7.61337068292
-0.691207991832,3.10448568131
1.70017154032,0.898225465043
2.85386387387,0.720744722299
1.68906000398,0.245560735106
-1.64750841575,2.69440856695
-1.08537345493,7.70373957247
-1.37332876002,8.44914418241
1.76601384773,4.24394253741
2.7441870794,0.939265140899
9.34316261094,-2.08482792424
-1.70391944115,7.94570335883
2.52552804041,1.16723144681
-1.68845505204,7.15010995436
-1.98512970973,2.62332570058
-1.8858702552,3.12909976274
-0.870484972203,7.757191547
9.227442912,-2.39825434671
-1.59769139295,3.04219019474
2.0861371738,0.775139414423
0.523195790012,5.06049684977
1.14566156757,3.80905697169
9.88452705956,-2.30378425045
1.43643450574,1.12311016442
0.851875298289,4.18697768562
1.70320238633,1.17896705533
-1.88811241062,7.4142557413
-1.29507773955,8.23201124155
-1.06376371457,8.01574818071
1.26576158782,3.59700679356
-1.08768712681,2.2172619917
-1.02199713669,7.286096028
8.69287610318,-2.06555306994
9.1418279346,-1.43223779281
-0.772174872079,8.10780962689
-1.36150113627,7.57135382531
-1.3034271739,3.37334219675
9.18143925899,-2.75765278768
0.412512166524,4.65365798757
-1.15842629555,2.98110541968
-1.16085050292,3.13086302904
-2.2901630833,3.24646485034
-1.46472558464,7.7298475562
0.999199503202,3.49638415528
2.81387405763,0.156042867073
2.27740736082,1.11682055663
-1.430553605,8.62083807335
0.916104376696,4.78877204014
-1.65940081297,8.65348190161
1.36545304739,0.127277086096
1.84159399046,4.97001898359
9.66002667115,-2.66486981106
-2.00683339746,7.88832376024
9.07120126865,-2.95841218352
-0.976609162048,1.97895274835
1.18796499373,4.44393850965
1.83915860265,0.662200735415
1.17795795654,5.06706903522
2.23035980742,1.42463213902
0.614735729668,3.99348992746
9.23761099547,-2.28888388859
0.589732503747,3.89926335704
-1.38139357406,2.30165625551
9.12069041596,-2.34665131062
9.01349561174,-1.79246181987
8.68241945972,-2.40338414121
8.78252630965,-1.8803053069
1.14166528176,4.38942752837
9.22922796022,-3.08829514035
-1.17519240792,7.83082892329
-1.27904913688,3.18582268188
1.32340275545,4.7670348004
-1.75430733808,2.00965542057
1.05877271821,5.0557116922
9.40777478081,-2.05726690878
0.590822889841,3.6100729976
-1.53365630239,2.86684702754
-0.447454186853,7.82170241568
8.77896762407,-2.0207952356
-1.91536995708,7.85354574774
2.0693379176,0.856213208327
-1.58173076478,7.86246409577
-2.35408354607,3.21174903887
1.64648026148,4.53837401417
-2.68747684856,2.49600303758
-1.98296841951,8.16563558518
1.03338052026,4.484682541
2.44825784766,1.43754493932
2.04027384415,0.208802086108
-1.63197717918,8.01800351905
1.35500414738,4.19153096638
-1.89030333192,2.58391378859
-2.06909157318,7.57504118479
1.23573594602,4.21005288744
1.85643061726,4.47932932266
1.46229471702,1.14111735892
8.4575392312,-2.38724773125
-1.13895535449,7.65508439602
0.400409950605,4.04034328552
-0.925530231177,2.86386375639
1.41391118366,5.26402803869
-0.847974675894,8.52887985458
-1.61091492817,2.4032436332
9.74327546254,-1.5961625459
-1.64249537702,3.04994439028
-0.739880263198,7.99251161858
-1.41780862384,7.42639546883
-2.1545821,3.27587955963
1.98550140778,0.927390777742
9.17046638269,-2.03516485227
9.63912158012,-2.66250331394
-1.77626307441,3.5926534319
1.8813355852,4.28371938554
-2.11026618795,2.87602139633
-1.59165788265,8.51877733224
0.693630676708,4.08732512414
-1.69757386496,7.52666123438
9.91740467121,-2.04470557778
-1.82121070387,8.52475580533
1.12246140565,4.7524904188
-1.83105527552,2.73193459857
-1.72200346295,2.93498046739
9.16019610879,-2.50344531575
9.03931943936,-2.74671895923
-1.34275601735,8.30892908022
-1.08219575504,2.68662593371
1.47011144693,0.535930978124
-1.07052908971,7.60870956614
0.998542820289,4.52601387677
-1.2944756633,3.10206500982
9.46859256661,-2.36609320782
2.06372382773,0.630463808438
1.27664329374,1.162597743
-0.782986588568,2.6031891879
1.40350944166,4.34318538607
8.79199051017,-1.14700618765
9.61929069323,-2.05824567265
2.11447580699,0.265161638612
-1.71311580829,2.42426602405
1.13591104045,4.58138627693
-1.67664545728,2.82607871872
9.60194345994,-2.10846786824
0.572439661441,4.89439899266
2.11462781154,0.00640914395691
-1.51250412856,7.54617693111
-0.786331942684,7.03795601165
1.7587627834,4.75126480354
-1.75357326004,2.65372493151
0.335442669504,4.08179337994
2.20746898459,1.1909652277
-1.62451433182,8.6502218079
8.68516297076,-1.64735013955
-1.13847529399,8.542096776
9.19691480619,-2.53815590974
-1.35773667163,2.50676473184
8.42181020197,-2.07554339168
-1.23557933181,8.72572773059
-1.32668723508,7.31535340011
9.65869541787,-1.59914527415
8.49158291052,-2.86687470302
2.44186440819,0.53333170072
1.68839347392,1.7082099558
0.803179638132,4.10406108553
2.12568183706,0.800308869705
2.18914898071,0.917473684217
2.3721174814,0.224607877622
-1.25663167244,2.91191964076
0.359428086402,4.69333114272
9.17057815319,-2.73182331304
-0.426227962949,7.18018601372
-1.44606837246,7.18901640397
2.29673595569,1.07977661496
1.23660475252,4.4611318331
0.685038434215,4.51629854499
2.03351244073,0.62401809431
2.17931746864,0.578890386386
-1.8128477106,3.30165565706
-0.719927940532,8.07446913364
9.39710492952,-2.26826536247
2.24468074931,1.00863464376
1.31873705486,4.35854108487
1.91991477702,0.600389792648
-1.9615832497,2.59194216768
-1.74304499158,7.87461063922
1.86235159192,0.610635409525
0.819687243382,3.69476234128
-1.4868197221,2.85976319423
0.809453277097,3.87826021945
1.77376685563,1.34412523277
8.79646870166,-2.47605282718
2.40207039594,0.838965779735
9.04479329885,-2.39438718248
1.69953216161,0.489378605252
-0.18598840629,3.7845096638
-0.477529555843,7.52617635549
2.29832288331,1.92837384168
1.36526636803,3.96981306827
-2.02104809539,3.1484022884
0.455987984227,4.65532647322
-0.826249494532,3.31569450017
1.71220482991,0.246540509298
2.40363979585,0.549157123991
1.36730364765,4.42837968508
2.79709432605,0.200157274727
0.965729681287,4.7894249551
-1.1378906407,8.23033729392
-1.80089844942,8.51579940298
1.14992137777,1.16303028245
0.448364546245,5.17841686099
1.31250482894,3.76876209761
-1.85863733953,2.61263383429
2.23093174601,1.61250247093
-0.898410504539,7.84227606917
1.67765929015,1.34321828268
2.10262198311,0.856416926293
9.53054360607,-2.35181362063
1.64598356575,5.15693745666
-1.48165012183,2.48815802041
-0.704857111874,8.07728110265
9.33802696549,-2.75764556646
1.82368789222,3.69729574993
1.14314132912,4.36771513978
0.562669028355,4.39052655953
-2.43569705165,2.47498821031
-1.4312433112,7.79979403917
-1.22900159832,2.76448877658
-1.80125861337,8.23523736495
9.67464062192,-2.12242687913
1.97887628918,0.837303907692
-1.71549090999,3.09658006774
0.576766492113,3.41242891675
0.794276262157,0.362872670226
-1.86714165222,8.11581460382
1.28696313952,4.66228977621
1.5395673295,0.918843402534
2.0418322667,0.844486806973
-1.4184554838,2.48033919822
3.26152439978,0.80729982864
-1.55254458796,2.7395988112
-1.29339154092,7.51892997415
-1.87296084915,6.6766188336
2.83855077209,0.765595385238
-1.38738160622,7.66967306702
-0.101605060729,7.63929416031
-0.994500212423,3.24138598582
2.06510333263,0.916806243251
8.70847465661,-2.33703481522
0.588718520272,5.16331655634
-0.963503120983,2.40277057727
-1.04421779196,2.40552671969
0.981774471184,5.00995415399
-0.0387338246845,3.84365924781
-1.15455084793,7.15196911902
-1.76684285278,8.23516441116
1.47139803075,4.887897215
1.38797001052,0.308428194089
-1.4809237661,3.14512988613
-2.04125877864,8.20919283171
-1.91224028537,3.48482616052
-1.21304725462,8.00516234946
2.10599959499,1.19343412058
-1.4033127716,2.64625306512
-0.941279507483,8.53998715248
1.17473488682,4.38424411703
-1.35312914353,2.9632724398
9.19370298902,-3.32083394388
1.8449190671,0.510594636722
9.38203743975,-2.39648794209
1.74945065229,0.643720600581
-1.57489771637,2.69593578713
0.384111743816,4.09607425528
2.45177651513,1.36250879747
0.652448103698,3.9379404826
0.632405312789,3.65678116424
-1.98346398269,8.23873525283
9.81587356041,-2.14263221864
0.730699690238,3.45572369721
2.05074210909,1.45476678112
-1.97985559238,1.95339363198
9.31311629885,-1.3367571083
1.28668825259,4.88961813075
-1.07027205055,3.56601889979
2.84783727877,1.23700670858
-1.26435327588,8.19134769161
-1.39728828232,7.57818645058
1.06595516715,4.28101573402
2.27969465267,0.565594358829
-1.30362327769,3.17751241336
2.42996035419,1.04484345404
2.29565804831,1.0407119537
1.18604497026,4.13717822913
-0.208810704428,3.01816850673
9.24830764973,-1.97271729775
-1.09223275992,3.55805439837
0.746926596758,4.10665389172
2.62666165907,0.578229277972
9.45922039699,-2.81851698182
-1.77998986646,7.68466893048
-2.36277148544,3.09005142286
0.971254553218,4.30896183239
-1.19936456863,8.1362125595
1.08408232048,4.13737680261
-1.18175831047,2.4561789981
1.05003793615,4.34713193761
9.47209648333,-2.69875710872
1.60946560265,0.446462795622
9.21201124232,-3.09866370636
0.668465174565,5.05058518573
1.58585924732,0.511978475036
1.11715054429,3.91944424476
1.21429470683,4.41455383236
-2.15450985194,3.08581088455
-1.17814850592,8.51946159852
2.14755650279,1.42035387154
9.03050941059,-2.89649890884
0.748858835778,3.93668113355
2.36481414746,0.920099429908
-2.18468626722,2.22092399968
-1.80994533164,3.39941489177
-1.72004819671,3.53673370053
2.77910249161,0.644953222616
-1.95463708867,2.70908387083
-1.33200058497,2.82329729512
8.91698153055,-2.59349415101
0.391861053573,4.87802123315
8.48235692275,-2.68357791608
-1.26742664257,8.01018998193
1.43159917339,4.00770935731
1.10980000617,4.67728109903
9.16990675054,-2.24702888697
-0.542025607752,2.81898441776
1.06405144226,3.50208404238
-1.68015602894,2.33143322413
1.23007391933,3.72573879335
1.00620282862,4.43989968143
9.27340864109,-2.35916178378
0.613738150154,3.8005469615
2.28608010251,-0.245893803522
-1.70236158879,7.22096128853
1.4696261591,4.19839021684
-1.34213320713,3.13431869385
-1.15000745186,3.80027862696
2.50117664959,0.813644559624
9.2301130575,-2.15322298972
-2.56810191415,2.53872499556
-1.34260571301,2.55806518648
1.2526057952,4.71878032965
1.71610051165,0.959624081594
1.8927666108,1.17169671368
0.155354583374,4.44040908446
-1.40804317985,7.49725397008
-1.33988253324,8.02819153295
1.28846799726,4.23197928028
0.239702682354,7.15587017585
1.59321513138,4.07435786849
1.99295910636,4.2847716092
-0.538566079135,7.46969907026
8.59006219269,-1.82730114712
2.55192980229,1.07790246801
1.78353972267,0.380364331472
9.88572404067,-1.69187498108
1.98264943011,1.70516562229
-1.27946842294,2.91828722834
1.59996918359,0.935899321605
-0.956637579196,7.66354286112
-2.2156813232,3.06531269199
-1.23531546777,8.08429374787
-1.92471064161,3.47324707743
-1.18612353475,8.37753022563
-1.5402859421,7.8173336474
1.90286053798,1.81330680475
-1.35699969793,7.90685338417
-1.10534616591,3.26453115703
1.09980243952,3.9028755401
-1.58270816775,7.65761008601
-1.27425155392,2.35106398537
-1.45088260041,7.19680467927
1.90831508148,0.893969212917
1.33911597748,0.899113657337
0.937601233409,4.39121914957
1.3618438539,4.01082581046
9.44374235791,-2.8615471068
9.57565836624,-2.61029363594
8.80881965462,-2.49516540973
-2.1199154081,7.76819221017
-1.15514744443,2.89189181006
0.592991939782,5.12401294751
0.282911422046,4.33225522484
2.33582164567,1.29846591658
1.56956309672,0.846262161785
-1.09899511925,7.76092706316
-1.2531672268,7.50659697221
2.76575685892,0.539688412414
-1.56438379129,3.63917089455
9.17534420219,-2.68456124831
9.23987277211,-2.81958047249
9.20327681481,-2.31030698598
-1.57427405841,7.47414718049
9.87704864609,-2.37850492347
1.43407368289,0.656502107188
2.12313571428,0.782701806153
-1.38789565706,7.88259978556
-0.755580851825,2.57230539505
0.567326617865,4.11284439801
10.3718024817,-2.33894791212
9.65569989373,-2.55391319294
1.91758886264,0.700350153822
-1.41983621616,7.27343299576
-2.92948947944,3.20788567637
-0.612367283157,8.51360117699
-0.0779534330583,7.75508074623
0.479297575804,4.32726161312
9.29374009946,-2.04673245197
-1.73922061457,7.77837487281
9.46953940292,-1.6240112504
-1.03087685916,2.60419937877
0.504421244266,3.66477925572
-0.523549234512,8.08935480382
-0.847073880751,8.18850991609
-0.539367679767,8.2175618608
1.15732381708,3.99562278653
-1.40727087467,8.16978795512
-1.29890295151,2.63788079904
-2.09457529928,3.14918414225
-0.922118657098,8.47203439985
2.49031312646,1.12629421916
-1.73100290863,2.47164950006
1.333135183,1.55408529729
-1.4336036925,3.25950276513
-1.70355927931,2.42638418773
2.47221875687,1.14880050622
8.26460317451,-2.49318300326
-1.38621872987,2.83082351408
-1.65361295708,2.65265824544
-1.12150222388,7.1488601353
-1.34767077443,2.35278356455
10.1770539103,-2.28806824229
2.15618102087,0.142253896665
1.08522316099,3.90386321164
1.11899236038,4.53780560401
-1.25683197095,7.92800551895
8.65557186825,-2.71701240391
2.16380930533,1.4051662935
9.34172909552,-3.20440965221
9.69772839182,-2.19595435612
-1.72897072687,3.13881923617
1.1591570507,4.21685781175
1.92402862757,0.114203396176
9.75446562068,-2.49120241404
9.03876044609,-1.4837457575
2.06669104342,1.17233995388
2.06364983823,1.37210989864
0.318490368829,3.99623943239
8.22454494408,-2.58668110294
-1.06258648796,8.07233645171
-1.4194973063,2.86558216354
9.57763911807,-1.8554232496
1.76593887242,0.965215512091
-1.12807207564,2.89301571325
-1.5299819971,7.2368725301
2.15226639564,1.15326697159
9.31742821958,-2.85965972249
-1.73373591224,2.91949470401
-1.2632711506,3.42925689623
2.14142041384,1.29389369957
1.20452760655,4.25148396227
-1.10326348741,7.21680254081
1.18704343397,5.08493287641
-0.996880736104,1.88055717656
-2.16902597166,2.49822565788
-1.22795492303,9.37785236179
-0.34971107405,8.30939996978
-1.31414866801,2.68069103673
0.608398184619,3.67318104558
9.571771335,-2.79821621101
-2.22121866444,2.73708857738
8.53058493198,-3.47349963021
-1.98260691892,2.45559866665
-1.53295717443,3.28484464749
8.65277857267,-1.01480731065
-1.65574688259,7.95472828665
0.556536668689,3.73540657035
9.83633675978,-2.93545960211
-1.14195430444,7.49679798769
1.90195596669,0.3292358495
9.75861228876,-2.52296876417
10.0548735327,-2.51919511973
2.23826321079,1.43842769499
-1.68298420802,8.80746591441
-1.87484064282,2.24741240763
-1.09577140176,8.18556161016
-1.51948284408,2.36808291072
9.52872364256,-3.28933017567
8.68267784882,-1.8513470369
2.18397315857,1.33801894379
-0.866922014779,7.7460360848
0.459909184961,4.10676830731
-2.58604219308,2.4655672674
-0.648611557701,3.47585550876
2.02753039796,0.252932689468
2.34464206684,1.16236487804
2.46990130045,1.10503017465
1.92827937692,0.376472226605
-0.837007678519,7.71940732882
-1.94771125747,3.08970306566
0.807453876049,3.75199904115
1.34314500634,1.9072845125
1.80079350856,1.11187778249
2.04816687373,0.676385111332
0.87609752212,3.89290167933
-1.51868641547,8.15337224181
10.1322527559,-2.58476501285
-1.26997658529,3.40041755261
-1.5467668867,3.64618895724
-0.490740498188,8.39378682312
-1.15835269511,8.25906657357
-1.26181576266,7.80633224256
-1.16784307477,2.51878643959
-1.62004252694,2.66439304966
-2.14644536587,7.43666064701
0.511580682695,4.10725057559
-1.04065915606,2.19442780076
1.22076042967,4.5013566584
-1.02575532537,8.17808604101
9.19783067447,-3.04766677164
-2.07413847456,2.98118461782
8.91777588296,-3.02541069668
1.15447309924,3.81190964852
-1.05285612634,2.66434881293
9.56857201135,-2.06466536585
0.916473818632,4.16978143172
-1.91207799211,8.29027218784
-1.82461879611,8.58320335317
2.69515652311,1.1030271735
1.3949539018,4.2248949464
-1.30330209804,2.61861353316
2.08565010716,1.24758552199
0.785171592452,3.93030325856
1.10637430592,4.48957919665
1.80858613955,4.20741233216
0.816972818482,3.68505924541
-1.6191362615,2.83957918445
-1.12497486502,7.23858969401
8.89010433064,-2.48335209442
0.736553822156,4.79462470794
1.8079931756,0.403306832538
-1.97429612992,8.04454909513
-0.344107422217,7.61504338658
8.20729365634,-1.73618225229
9.60143514626,-1.83591841546
-1.50742679813,8.53795436624
-1.45955163608,7.81313521924
-1.67718654885,7.61977618674
8.95111599273,-1.93364104438
0.726830746589,4.09200038128
0.241679592616,4.27357695787
9.96415980484,-2.41439776116
2.25093110241,1.14070616717
-1.93283640036,3.06233202112
-1.36970228485,8.40566893892
0.682686216472,4.12785830861
-1.10888915953,7.2316927911
0.565500077097,4.80644465709
0.764755281331,4.20625816569
0.388332995266,5.04994613328
0.992922653406,4.64934341093
2.91254615968,0.891013911091
9.9852770176,-2.50416676665
-1.65310551488,2.38675373848
9.0677067328,-2.05617644784
1.61824072226,1.53950624729
-1.04918393671,2.38468291128
8.68805727455,-2.36552221132
8.63741674176,-2.10282598587
1.32398275524,3.55606809645
1.60825490249,1.81659612736
2.32648596683,0.630071263564
3.09962744911,0.950354552408
9.17307564343,-2.55233788248
-1.82489016281,2.20795908049
2.68731300316,0.963562006653
9.34164404955,-2.43119235196
-1.11776919032,2.95420621203
9.88327706786,-2.0497732931
2.18968866843,1.30745421244
0.325329463743,4.66392140465
-1.0422371504,2.81671030876
8.49301776888,-3.06944016579
0.915092713241,4.81538844062
0.300191622325,3.50383719782
-1.32717063454,8.38517242922
1.8886936474,0.46599873325
2.23566607703,0.893317903498
8.57454896654,-1.38160053759
0.794840452409,4.85388760912
9.73860263071,-2.46277645419
9.47874431755,-1.65185999242
-1.7603094225,2.79035326283
-0.859401175626,7.15755159095
0.905319921273,5.31931290123
0.917721949159,4.34606628067
-1.19467378835,7.28949646707
-1.12626483275,8.34686144781
1.17600853328,4.45394077477
-1.48827461582,2.69561524314
2.6256027661,1.122437865
0.945996054531,3.71050918611
-1.55504126041,7.56048035412
9.66972192416,-2.00932580534
-1.0283450087,7.78687714123
-1.55461897191,8.32359642513
2.02810439896,0.577695391382
-0.997620032168,7.05415120371
1.49565289227,4.38141431487
-1.39858410151,8.24390639687
-0.757027551076,3.55436903056
-0.741036243234,7.23928769916
-0.809443489986,7.23725855944
1.39065654925,4.44721477127
-1.99356721795,2.41707460864
-1.04524241931,8.10553511086
9.56773224942,-2.53363352368
1.89786554038,1.80822603733
8.83409076131,-2.32031104873
9.97223240259,-2.28288852244
-1.72005476803,1.89987262547
2.0169655003,0.643728194952
-1.63934068845,7.62925689648
-1.05919204475,8.0863290738
0.949906130536,4.16089293518
-1.61590836647,2.54088294461
2.89527493818,1.23852440847
2.77538803987,0.81268800884
1.3419733975,4.56805404818
-1.08225585633,7.70661678928
0.074373006572,4.47338176183
1.59963777457,4.16739311341
-0.971964185935,7.57605542181
-1.72324485464,8.10348539462
8.84924431188,-2.54038704546
-2.80130935468,2.43034026421
