9.27834482808,-2.74762775417
0.831411807488,0.404192873746
-1.09211521579,7.94887396051
-1.17421899107,3.77348528466
0.803179638132,4.10406108553
-1.878029954,3.57219834831
-0.974905225018,3.21774180535
9.36274937966,-2.13318091
-0.894990450238,7.93761120258
1.46733283612,0.459644474537
-1.62378889063,8.13825172631
1.24857411638,4.70678752095
9.42501453598,-2.26864821178
-2.2219052772,7.97429525298
0.793596301312,4.62975315464
0.448364546245,5.17841686099
0.760424962243,4.5829485617
-1.35160423423,7.91960075215
0.455987984227,4.65532647322
0.790141537205,3.9674326623
0.556536668689,3.73540657035
-1.06258648796,8.07233645171
10.083905221,-2.47460480753
-1.16047565952,7.99791108022
-1.88993347627,7.61426144795
0.523195790012,5.06049684977
1.86155966108,1.41488438245
9.87990614513,-2.2657052316
0.624086958424,4.25411214289
-1.24181375711,2.6439154585
1.84143872381,1.47049284695
9.04641259362,-1.84108033583
0.567326617865,4.11284439801
3.09962744911,0.950354552408
-1.32459617858,7.62847372939
9.72346716887,-2.59514047278
1.07778182715,4.9289027195
10.0510045703,-2.75942722274
1.40350944166,4.34318538607
-0.18598840629,3.7845096638
-1.27904913688,3.18582268188
-2.08745017301,2.39084661039
1.68943931585,4.5953728334
1.32340275545,4.7670348004
1.86668062467,1.07636146634
-0.711041053965,7.60248482669
1.61963056848,1.1123443015
-2.34773981166,2.65746343048
9.27501426934,-2.988966719
9.54106608748,-2.2259114884
-1.69793108661,8.00418677834
-1.62737829844,7.75688387172
0.81215798357,4.37430406232
-1.08485687051,3.38473241986
9.10134199448,-2.34584599824
1.82368789222,3.69729574993
-0.963503120983,2.40277057727
2.06764688735,1.90207103522
8.92154487503,-1.71580206679
2.27969465267,0.565594358829
9.04563671297,-1.70694772955
8.38962843182,-2.09128894075
2.06314954741,1.04329525401
0.735398504507,4.31521967122
9.91053876887,-2.48302842264
0.599314959688,4.03775493075
-1.97837360383,2.99646557135
-1.02155501497,8.69511414136
8.69326788661,-2.78962221355
1.51752345906,0.672479309651
-1.11680104667,7.56910136458
-2.22981046705,3.37063044153
1.29723475649,1.26061735549
0.666743153584,3.75745249606
2.20400725589,0.832290154196
2.10591841034,0.60266839667
0.0709239348864,4.56915394996
0.980927270101,4.62780251915
1.75829330414,0.993521385281
9.24802438591,-1.35332145958
2.20746898459,1.1909652277
0.846217733617,3.40439956344
8.98304182278,-2.32525210827
1.43883074555,1.248420899
-1.4312433112,7.79979403917
1.26432926529,3.57615710751
9.71714831266,-2.35167045359
-1.64014937475,2.653776071
-1.39470557338,2.52344292819
-1.07776862685,7.30508253232
-1.77671086869,2.84026521863
0.851699730898,4.80954471497
1.07070234361,3.74550625765
-1.38621872987,2.83082351408
9.34288666647,-2.72620719731
0.124707226554,4.22377141278
2.06268869057,0.347864309325
-1.79274473203,3.35526889357
8.6728916882,-2.09921612829
9.53230685053,-2.0832043273
1.66930134106,0.958618258373
-2.02534511863,3.02362199813
9.79251906114,-2.60158138987
2.28604392735,0.750820351967
8.94576695227,-2.33685272373
-1.92072365023,2.65079811853
0.584411361415,4.0433049783
9.7505707718,-1.97508554705
-0.661551309312,7.95121590889
9.324037545,-2.60711133917
2.20213631181,1.56507154253
9.22274371589,-1.98503821665
9.46011806671,-1.79257823875
-1.12149234375,8.24748156285
1.05127315146,4.58955147405
9.75649154909,-1.23376182504
8.93113123286,-1.82034945408
1.52746183243,4.3329725753
1.40437804264,0.694106035932
8.95332902878,-2.30761353927
2.00882178328,0.424537980541
-1.63981909177,2.11859000053
1.83484482295,1.1941246237
8.07624534705,-2.75908039865
3.17506624788,1.66084994979
1.70683473521,0.776438259635
8.84501473442,-2.28909431195
8.86707447397,-2.02976715964
-1.5574793174,3.97998512488
8.40133637578,-2.18889753331
2.62125241931,-0.0413220808013
-1.22596747641,7.09152879001
-0.447454186853,7.82170241568
-2.0997007828,8.09108624745
-2.34126459995,2.0810966388
-1.96202300303,2.13860315542
1.81736572491,0.849061933387
9.05277981396,-2.19469193199
-0.905488909559,8.02980848351
2.53993438426,0.796491707366
9.58632317401,-2.43020946128
1.24171599788,4.14005086296
-1.37764335773,2.84334930885
2.07602829796,0.466395143836
9.95168219701,-2.23400116049
1.11899236038,4.53780560401
2.03399254937,1.19652848215
10.064056996,-2.01905173444
1.50789044913,4.01943063635
-0.924950686089,8.54474684925
-0.719435848382,7.329343794
-1.59769139295,3.04219019474
8.82534320304,-1.7463890382
-1.12580598528,7.62679301443
1.43929105021,4.27125817405
-1.44843614131,1.93072475307
1.00983396149,3.81909274622
2.14429019697,0.941651521028
-2.00983835642,7.40966073648
9.38413159938,-2.35844257642
8.36460634014,-3.42802862948
-1.70179335128,2.62682585432
-1.54945233914,8.19815131287
-1.33670653474,7.57671548883
2.10244003271,0.450697912091
2.86892683619,1.09415097352
1.84159399046,4.97001898359
2.44979456959,0.0755535397009
-1.22777088531,8.11989718716
-0.705499694953,8.48925501012
-1.25593044291,3.31085513307
1.21429470683,4.41455383236
9.56343446825,-2.14906729061
-1.41653887917,3.31275953961
-1.24975492542,7.7918363147
-1.41712353246,3.62451902169
0.867668072393,3.90860167318
1.18467872674,4.42938042142
1.08408232048,4.13737680261
8.41311772606,-1.95411844024
1.37039482126,4.25198896663
-1.387537398,2.31411503679
8.57209934544,-2.72260908764
-1.60324289032,7.25808888396
-1.46432514558,2.53193066927
-1.52305429652,2.4602249706
-2.03386925486,2.48867027221
1.46288929405,4.01966813265
-1.49639991288,7.67792715301
0.635228191355,4.28124948502
3.23452575214,0.561300729809
-1.81303632815,7.82959482391
10.2594905715,-2.31338146446
-1.15696965266,2.82193540474
1.24994047097,4.80552037277
9.40930876068,-2.6939756913
9.24260629938,-2.305417467
9.15493402138,-2.09322563558
-1.38288964378,3.85351176049
1.10029038184,4.9495595515
-1.22738883409,2.91950959676
2.35657057466,1.34965229646
-1.32780799574,6.84579569524
1.83607637716,1.3021989875
1.59963777457,4.16739311341
-1.71365476522,2.53397438015
9.91843994045,-2.58704738164
1.48413740758,4.5269877533
-0.976569870358,2.76879337512
-1.79170567037,7.59001039977
1.31311988295,1.52701660139
0.923096258239,3.99770713565
8.66595934988,-2.72416197592
8.96829323334,-2.55863028492
9.88774232616,-2.4489068798
1.10223614812,4.25961965211
-1.67723233999,3.32632864256
0.42819774833,4.16655369041
1.5164250584,1.566543324
9.28422265394,-2.33870185324
-2.87982843498,2.89665762089
1.20452760655,4.25148396227
-1.15842629555,2.98110541968
8.69798158661,-2.65576376936
-1.76602831084,8.98496225408
-1.10326348741,7.21680254081
1.96510845543,0.126342907716
8.95153021325,-2.35072311913
9.72208208768,-2.07175918666
-1.69011063662,7.22207506497
0.772058260073,4.48525637052
2.55804508099,0.19390657426
2.50913630052,1.13508248219
0.906059327598,4.77587926201
0.883144958796,3.99864437009
-0.922844852156,3.00691625064
-2.00326136714,2.68882963397
-1.34616678257,7.48206839081
1.08413666765,1.49101161808
-1.76371351657,2.9998271618
-2.3002964577,2.44225171576
-1.10454070191,2.45921924406
-0.934112465635,8.21937668964
0.459845153367,4.14263599348
-1.74509659394,6.96315348609
1.62127870484,4.49206643254
-2.0769181266,7.6862504128
8.3600315447,-1.88208046016
8.92416161903,-2.83858134985
-2.7917046379,2.85008812422
9.3624549577,-2.54905073773
9.57098255889,-2.7325869624
-1.12440605525,7.89836427666
0.680203336905,4.7397845148
0.563167932128,4.41741080963
-1.13850421251,8.28800258876
-1.34843534134,7.61429175665
8.80707021038,-2.59853980592
1.10637430592,4.48957919665
0.803074164415,4.34624554264
-1.11587088498,7.47500693333
10.3718024817,-2.33894791212
0.771280451964,4.31165294901
-1.46863223705,1.98042673547
10.1004748418,-2.70740180975
8.9815325624,-2.32791799884
-2.38811433032,1.88940750938
9.36641815783,-1.99142543879
1.35096291131,4.45096712155
-1.05490778083,3.17375713605
-2.2006970542,7.73868165407
-1.71133855552,2.71388041687
0.424290331818,4.73913809497
1.92658590326,1.57127360702
-1.46994805253,3.27473544315
1.86974523186,0.716107027399
1.34541488731,4.9157641712
1.37913720135,4.92252115733
2.05260018881,1.51239069072
-1.02425826148,2.79478216127
9.07607463685,-2.33359586998
-1.48219154541,7.41991067989
1.23660475252,4.4611318331
-1.8800571413,2.8413272242
8.35074446469,-2.45952628891
2.06707849947,0.846212837995
-1.46816820158,2.1688242984
0.94556135615,5.07479155219
-1.5720397794,2.60135221985
2.4463203757,0.980545229055
1.21074927295,4.04468274103
0.958363559793,1.39937971171
1.03338052026,4.484682541
-1.87203737898,3.44710938574
2.06378246818,0.860748291022
-1.14876486842,7.46339392638
1.80079350856,1.11187778249
-1.96548355358,8.29372790886
-0.741036243234,7.23928769916
1.12246140565,4.7524904188
1.98180279446,0.858758782718
-1.53851840594,2.21479833109
-1.28886830624,8.37877875969
8.58140828556,-2.37678811606
2.28608010251,-0.245893803522
-1.04736154211,7.32080490707
0.736553822156,4.79462470794
-2.08562530304,8.1055831603
2.20187734757,0.953809944407
9.13394379954,-2.56499153108
9.83633675978,-2.93545960211
-1.44421494028,2.57304291796
2.0690134829,0.881066071058
0.519598420066,4.03273799334
9.08966789221,-2.93003137234
-1.8595301534,2.89145547432
0.937601233409,4.39121914957
-1.04958226352,2.530824267
2.10599959499,1.19343412058
0.794276262157,0.362872670226
9.04097760855,-2.66541360244
-1.67207273823,7.51918444734
8.92350010804,-2.92893989479
1.51358668494,1.08533323627
9.01043246359,-2.37906876291
-1.99707135694,3.27333948514
-1.72471661094,2.27143864966
-1.46234524559,3.3170154161
1.5560026223,0.651280514632
-1.61219956394,3.11049490949
-1.79559260145,7.78605828286
-1.31104784571,7.72703847971
1.13457112835,4.47444331754
-1.98718878158,2.40007085942
-2.01006592652,7.85452252859
-1.66158935916,8.65710860418
2.25541913452,1.35774020504
0.81970961135,4.37414436355
0.446337045429,3.79069899203
-0.604106313553,8.12192406135
-0.692043218983,3.55492756311
2.1628567076,0.624114309111
-1.21942981334,7.35675903061
-2.12690803872,3.08338506625
0.255443856509,3.90455590362
0.900573678301,4.47384687323
9.13211591992,-1.78320598543
-2.24053767205,3.38197585829
-0.532790428617,8.27588856097
1.33911597748,0.899113657337
0.736649614902,4.59406220051
-0.996880736104,1.88055717656
-1.23735933518,7.6398042246
-1.16965785018,2.60323538574
0.95407424698,4.41135244801
-1.68093206511,2.73594977205
2.9403113088,0.809358375713
1.39968300511,4.48612916359
-0.514991924482,7.79088989988
1.98550140778,0.927390777742
0.963588075794,4.49653666919
1.05877271821,5.0557116922
2.84783727877,1.23700670858
-1.07027205055,3.56601889979
9.76853934693,-2.14003850628
10.2110072015,-2.21978786655
1.17795795654,5.06706903522
-1.25663167244,2.91191964076
2.40121431141,0.708066245642
8.97823201174,-2.21545022966
-1.7589944586,3.4866508524
-1.78607503661,3.62037661194
1.59996918359,0.935899321605
1.40858210785,4.90186560839
-0.640115170609,7.50328909656
9.33413234919,-2.80491955073
-2.29696604069,7.57994853619
-2.00483557739,7.76769062126
9.51399964417,-2.37435130732
-1.90315153519,3.066873851
9.39954292366,-2.19901331244
-2.28532596041,3.05423723404
0.942669488333,4.42020972555
-1.30330209804,2.61861353316
8.74935560535,-2.21564137562
-1.1779913687,7.58490463068
2.13781041243,1.02722560443
-1.57458323327,8.19354338243
9.2530685547,-1.83378524486
0.238806790342,3.97379656404
9.07512714065,-2.30640315723
-1.18894262634,2.51328143904
-2.20205178241,2.54955539807
1.02054013661,4.47542464184
1.98832275293,0.940865552174
-0.588175448032,7.58610202526
-2.12213391701,2.71615500171
2.14481279392,1.79259302331
3.37336083023,0.997949905335
1.70413053851,1.01966441834
-1.31686622053,2.99038010634
-1.76312675353,3.04136990921
-1.83368949889,2.64290259981
-1.60373510181,7.14121894244
1.39065654925,4.44721477127
2.62666165907,0.578229277972
9.36904283424,-1.62624557708
9.22702207915,-2.57371703118
-0.101605060729,7.63929416031
1.58924494231,0.96141388413
-1.83298373327,8.11686995886
-1.46477177322,3.45995247133
-1.82489016281,2.20795908049
2.16380930533,1.4051662935
-1.41618151559,7.89892654484
9.56763370283,-1.97542341336
2.03226124228,3.72816482929
-1.83345371022,7.80110742781
2.0693379176,0.856213208327
-1.06027931868,7.95173264752
-0.549278582181,7.88374111669
2.57202528274,0.487780990001
-1.22473024674,7.67357495623
-1.3855924519,3.08567646532
1.29099129616,3.8262372981
-1.01458463988,7.53279762169
-1.34767077443,2.35278356455
1.63950711432,1.53313192417
-1.20031410834,4.11610928251
-0.217923241077,7.72630969887
1.32126851029,4.46411909531
9.53144549929,-2.77076321193
9.62528148434,-3.26896965015
8.8455294017,-1.98731417677
-0.845522054268,3.02184066833
-0.0387338246845,3.84365924781
-1.5258450442,2.24168959775
9.38595930613,-2.04365895978
9.26857526892,-2.56559235199
-2.06654059272,8.63270551615
-2.31990701712,3.2916150774
-1.903154134,3.20687718583
8.89198119091,-2.17839906025
8.67843385415,-2.25765905481
1.06928080882,4.54275645559
-1.34780476774,3.02488309639
9.35665073255,-2.03486220671
0.376774833979,3.41790621704
-0.583397520752,7.71166108994
-2.06387003829,3.07550192514
9.19182121801,-2.18545327682
0.652296839083,3.90167884641
-0.558966913754,7.68853790296
-2.04169532804,2.59407402617
0.948532955069,3.65905635698
-2.56810191415,2.53872499556
9.80541253513,-1.89083592056
-1.04165359896,7.64990456391
8.83573198405,-2.35409027469
-1.4809237661,3.14512988613
-0.941279507483,8.53998715248
-1.16360469074,7.72188992973
2.08570292496,0.689303870589
0.837168578399,4.19872732975
9.14711356864,-1.93217325262
0.664847647044,4.99515700186
10.3450140927,-2.8752132437
1.60831556027,4.36968567416
0.798417036352,3.78204809507
8.78310566557,-2.48696112481
0.689423417048,4.125015011
-1.43835747268,3.35421293948
1.32357582659,4.67436419673
-1.8808148,2.38846934187
1.56103727734,1.15533966881
-1.00659022829,7.70638417195
-1.86873241209,9.15182232847
2.46801721539,0.87199436949
8.88706250826,-2.91652862205
9.89297528118,-2.07560719773
2.04242953001,0.751535040651
-1.0773586508,7.62145622366
1.83864084061,1.52634304553
-1.31738887732,2.52541098234
-1.34871471821,3.7330598285
-1.20329849793,8.41228641586
2.71038109976,0.922635161388
-1.15048576663,7.09494283994
-1.82863488159,8.10107656919
-1.83784456228,8.32106880772
-0.874922346611,8.02148327503
1.50947700414,1.02535995941
9.24944367033,-2.59368289954
1.5451507499,1.34620549921
9.85694193899,-2.70203589445
-1.1385462943,2.65251825327
-1.43482461118,2.60913644181
2.45099299529,1.18360469689
8.69764432238,-2.80042680912
2.28027503457,0.253354659809
0.100703691123,3.89303475509
-1.24810234368,7.80746785534
1.51088348511,4.44641150281
1.34314500634,1.9072845125
0.991160466559,3.91941476008
2.14853935757,1.03614331854
0.511580682695,4.10725057559
-1.54616669632,7.49934766396
0.460569886618,4.32496707004
-0.873975696907,2.66328066349
-1.55894991796,8.4784616066
-1.87857210975,3.18691920637
1.39767065517,4.28799449786
9.83294629154,-1.56051330911
1.76202222736,1.12483061529
1.12877693489,5.21325693012
0.996580385491,5.35661849016
9.3151223754,-2.34807244935
-0.933094973016,7.7385870601
1.31036270419,0.966803667305
9.66771753533,-2.34387730099
9.70685415226,-2.66068879614
9.33307698022,-3.30765811579
9.55157097752,-2.24874707441
-1.83883313595,8.31528260222
1.0010971882,4.4383271827
0.616529998752,4.41214170683
-2.69392886736,2.96164515597
1.59704182493,0.603107099189
1.38464809687,1.57092649657
1.26576158782,3.59700679356
9.2637136859,-3.27722738245
-1.15255900995,2.92096980068
9.88327706786,-2.0497732931
1.19845387835,4.25154055488
-1.22421117644,7.62700388075
0.971254553218,4.30896183239
-1.21159796413,3.23137505578
9.70186519192,-2.25457539313
1.13591104045,4.58138627693
9.55692487665,-2.13718246424
1.40191003319,1.06965491444
0.780450980272,5.13595600526
2.04921436022,1.2646260461
-0.772174872079,8.10780962689
8.73275126633,-2.59955636894
8.20729365634,-1.73618225229
-1.25061242441,2.6584776675
1.13503755147,4.23503883685
-2.03609667213,2.78457801685
-1.53054035234,8.52575806948
-1.76303789295,2.29450734864
1.18047193923,3.4804041425
9.70444885515,-3.50808654008
-1.68015602894,2.33143322413
8.48304577594,-2.98966607358
-0.906707655374,8.08430102125
1.5996618027,1.46042008458
9.23629042797,-3.01737546632
-1.13895535449,7.65508439602
-1.94997447956,2.73944657878
-2.07298963446,2.3765825153
1.81727608733,0.975833993782
2.17885876306,0.626034463729
9.39300262857,-2.29986814061
2.83093084548,1.21852096331
1.18581817643,3.61247766862
-1.64239657419,2.90056776513
1.80858613955,4.20741233216
1.07474833735,0.614320967815
-1.97724623383,2.19978233618
-0.789487420508,8.57472417112
1.87620707707,1.24982415632
-1.60533547355,2.3977756458
0.553728370841,4.76144677358
1.76601384773,4.24394253741
-1.12202514756,2.20754367766
-1.69708413432,3.3016823551
1.64598356575,5.15693745666
-1.46398204423,3.70036800494
8.82587135097,-2.25498097943
9.78528517429,-1.75717244775
9.26086480185,-2.49315410283
-2.14644536587,7.43666064701
1.40430747092,0.185455121127
-1.21992406488,7.44321966989
1.71793079804,4.37768981742
1.6774329202,0.281953367036
-1.2539316888,7.98055249093
-1.23722482025,8.73082190052
-1.86714165222,8.11581460382
8.7708037156,-2.58738522603
1.14849967205,4.28837830121
8.97773332356,-2.64301528491
2.06122541688,0.842788442518
0.278576873259,4.49158079691
-1.70119506008,2.76146923052
9.44709965277,-1.64866879562
2.82514398358,1.53415042917
-1.08537345493,7.70373957247
8.41484337548,-2.20393794918
8.53480376128,-2.19964239182
-1.1479459286,6.53382609574
1.07637850235,4.26401834201
9.75917403912,-3.31345993438
8.88989572604,-2.57444907673
-0.705637424358,8.02399742048
1.35855307615,1.13705224749
9.07036058754,-2.12187126415
-1.20311427961,7.41300386004
-1.93185292776,3.13481853524
1.31556623869,4.78317929889
0.216566566049,4.2531776353
0.965323322567,3.97167341831
-1.4184554838,2.48033919822
-0.499802169537,8.25209980388
2.32498373907,0.782321057778
2.4196508503,1.38363270765
8.6308012746,-2.17234940437
-2.00085583915,8.11539385407
-1.4538406464,2.91325116898
0.765281193961,3.31313874897
1.05611184256,4.12298590615
-1.14814176526,8.08041971087
2.45360191498,1.56085782675
1.22808798858,1.19153043747
-1.27399811556,2.46432284986
2.2651383299,0.855187032053
-0.506094065901,8.31476970418
9.75861228876,-2.52296876417
8.41264427995,-1.99708045734
9.03514169586,-2.14974568845
-1.55160369636,3.15303318223
2.77910249161,0.644953222616
-0.920075838505,8.33071122366
1.36820288052,3.90870055001
1.24290426155,1.27133736234
-2.07606082843,7.74031713955
9.55957522507,-2.67661177682
-0.736788988774,8.15429398901
-0.920304090178,8.23393551497
1.90151237751,0.9085945713
2.23566607703,0.893317903498
1.991058051,0.345227270753
2.6225235017,0.852486583407
1.08921923075,4.77842839378
2.49031312646,1.12629421916
-1.71375814134,2.61473338424
9.13346805903,-2.72575680702
-1.09382112542,7.32060462978
9.69978624949,-2.28677876
-1.76594862802,7.98356139943
9.55425650368,-2.30661700037
-1.99356721795,2.41707460864
9.57014514802,-1.36663714338
0.610354251626,3.5269601564
-2.1199154081,7.76819221017
9.01707665911,-2.06612575103
1.60946560265,0.446462795622
9.46439490163,-1.97916724642
0.388332995266,5.04994613328
9.618842385,-2.4911408901
-1.06526001362,8.05302229238
-2.29822947995,2.98953765189
2.33540113457,0.613627286152
-1.36131487598,7.66318432338
2.50117664959,0.813644559624
9.38878195609,-2.73600213479
-2.25690781026,7.67344663587
-1.04115912752,7.65583491412
8.63598377713,-1.69638992871
-1.4748547299,2.6715722529
8.61977747601,-2.19355834101
-1.98676500921,2.40018526491
-0.818015918242,3.29998410649
-1.67487640476,8.48126666673
0.212122459802,4.47806354138
9.04325960297,-2.02347490712
-1.20981478888,2.98789809207
9.67487526207,-1.93691797873
-1.55531246821,2.54831297785
-1.99256189136,2.56816588204
9.36491854767,-2.32796058704
2.28131522947,0.509643510049
-2.02849321589,7.09718947333
9.33539769551,-2.1005259554
2.24160863064,0.669408152085
9.11404737866,-2.28440062588
-1.42537709051,7.90826582526
1.8927666108,1.17169671368
1.90468779875,0.501862966148
-1.21304725462,8.00516234946
-1.01023896346,8.02264378284
1.59956461574,0.435380065254
-0.847974675894,8.52887985458
2.31107403495,0.747898365754
1.3956018469,4.45677157016
10.0416092808,-3.10760789376
1.06999381868,4.74327489387
9.47774042971,-2.08375494119
-1.86037900325,2.94488634146
-1.12015690606,7.17250476942
-1.39025860014,3.3831629054
2.07242062151,0.637150496963
0.551269263383,4.11926496551
-1.22900159832,2.76448877658
-1.15514744443,2.89189181006
1.92855857757,0.632439644048
0.810138251472,4.19606669754
-1.71070895748,3.414931751
9.11518890908,-1.49452701734
0.855789986944,3.79618222829
-1.35854191421,3.50750133286
0.648199982089,4.39223815778
-0.934663656401,7.80641160711
-1.98695505443,7.43494851734
1.76152486923,0.241140331169
1.19408331955,1.1962663694
2.28516119128,1.48903315515
-1.83909152505,7.76324549792
1.39780418714,4.93933479517
-1.33922976318,2.64434168456
-1.8435210401,7.84590523759
2.30270311172,0.89806862694
1.30551659571,4.27431755863
8.32359004564,-1.84839903292
-1.94898043109,3.04106051362
10.0668091815,-3.2764754405
9.71792302523,-2.59864907278
0.898211324864,4.07427403456
9.04422013429,-2.88514213372
8.68516297076,-1.64735013955
9.83782741922,-2.32558192993
9.76036785931,-3.20952949622
8.7661768251,-2.49320747684
-0.634033224926,7.44353751486
-2.07253609824,2.88161292907
2.09966787565,0.986395134777
0.539273021846,4.44545506948
0.631704091031,4.55389146129
9.62982506387,-3.06243826376
1.65616057461,1.29290035092
-1.59592512659,7.70782856213
-1.53408515409,8.10711452477
9.47445614539,-1.18955823437
2.07242484428,1.1283865455
8.94230015334,-2.47200456078
-1.4839686691,3.969716609
9.79595304061,-2.69871220758
-1.39177606759,3.86765610145
-1.01331831074,7.60728303538
-1.33915215461,7.18348836574
9.26774047112,-2.4362996279
0.505784027865,3.81560210069
9.17451629293,-2.43929759577
9.63575916725,-1.70835119624
0.813550402195,4.78285063871
1.57223151604,4.22629697073
-0.813892591973,8.04996568145
2.75784334096,0.474542053757
-0.626036088089,7.6601767409
-1.76206435691,2.77967298726
-0.926011688663,2.73190859893
9.0677067328,-2.05617644784
9.14954923834,-2.3928885123
-1.03973789651,3.08348390801
-0.930034660961,8.37249657895
9.49376064379,-2.89593716237
-2.42207527299,2.22463117399
2.1662595513,1.17126028917
-1.34046593796,2.97366409343
-1.86216446079,3.37339949086
-1.80863023557,2.31929477579
1.46229471702,1.14111735892
-1.04042883838,3.62543090422
-1.24969977004,7.69936509499
1.83915545569,1.31891205749
-1.57039499204,8.23298859475
0.641130408625,3.93188998505
-1.4789104807,3.6014337373
0.905319921273,5.31931290123
0.336406136308,5.20286756334
9.64521597081,-1.64783666191
2.54962926314,0.840483436661
2.03496653477,0.933268435706
8.89082430166,-2.00516869994
8.91254893716,-1.85932376277
2.34778640931,0.733787245926
2.0861371738,0.775139414423
0.694769412747,4.75024890028
-1.45854877512,2.65813073071
-1.21886825234,7.4873792544
-0.791043448077,7.6973671832
-1.66577705815,8.69342942286
-1.63669947333,7.25833347921
9.65213156375,-2.08665211144
2.5228609196,1.11325651078
1.36730364765,4.42837968508
-1.45955163608,7.81313521924
-2.29758720843,3.19371082702
-1.08809172846,2.31968080513
9.62405144045,-2.418262098
-1.65845641735,2.83079056138
-1.90791722257,7.80414516592
1.2465434445,0.536649732659
1.88059813482,0.870696058736
1.21202103927,4.34357726662
0.659055469918,4.60977600736
0.993653826875,3.5582655314
-1.60666499051,2.74708290704
2.04851523227,0.846628426149
2.63118293072,0.49897874302
-1.86867698391,2.80504175679
2.83855077209,0.765595385238
-1.60043352722,2.84754570058
1.94758405542,0.786606558933
-1.41419936604,7.55185842921
-1.8858702552,3.12909976274
-1.05919204475,8.0863290738
0.63890942343,4.31855126387
1.40829156206,4.11636274035
0.999478802793,4.69406181041
2.37911819817,0.785874971921
0.98574798815,4.34854183311
1.22645328442,4.70540057675
8.60616619763,-2.53571517682
-1.65197699849,3.53156642811
9.62964218003,-2.71131031899
9.27524478586,-2.36058118883
2.17931746864,0.578890386386
-1.1028625745,2.01557581934
9.3694323997,-2.73956069752
1.36526636803,3.96981306827
-1.89752998763,2.56026450841
-1.16784307477,2.51878643959
-1.70395611776,2.91910515428
-1.69868480248,2.8491247528
0.981774471184,5.00995415399
-1.19928890283,7.16252512177
9.42119409428,-1.90790535499
-1.16947541827,6.88215723005
-1.27713243914,3.21304824645
0.955703296249,4.40301577254
-1.72668601729,3.10607376823
-1.40082056881,7.8199783285
1.69134463204,0.400807866328
2.86388085659,0.805711138332
-1.51868641547,8.15337224181
-1.85269241914,8.17657713878
-1.31823271042,8.1285459421
-1.48827461582,2.69561524314
1.09980243952,3.9028755401
-1.25574640973,7.89887971746
1.70320238633,1.17896705533
1.43331945524,4.61925593097
0.610256161905,3.64389637994
-0.0389455561222,2.23829242154
-1.64835052333,3.48809118461
2.47221875687,1.14880050622
-1.82377407447,3.13118580161
9.67230798236,-2.15251925855
9.472056082,-2.81850175256
8.53029138273,-2.42505117206
-1.66586532243,3.0072850979
-1.87980363536,3.24696439071
-1.36550770457,7.89349068841
2.64169895417,0.955505002523
1.11501913923,3.68364976727
-1.73898467511,8.28632433223
0.820457827105,3.94620098297
-2.02598674253,3.00455951085
0.250016047145,4.20805420135
-1.49788553737,7.779839673
-2.0056988379,7.99028077774
8.99758227411,-2.18425556601
1.51415363274,1.08490849543
1.42515222778,0.976269701742
-1.26181576266,7.80633224256
8.68457820699,-1.49983331456
-1.27425155392,2.35106398537
-1.72897072687,3.13881923617
0.851875298289,4.18697768562
2.29565804831,1.0407119537
-1.30425124188,8.30938744708
1.31873705486,4.35854108487
9.79900406243,-2.8013150703
0.549900210838,4.41378688263
1.71220482991,0.246540509298
1.11715054429,3.91944424476
-1.79186995301,2.84311335031
9.67785574884,-2.3394641582
9.47125558734,-2.11720807647
-1.41682935062,2.56691679932
-0.919567524824,8.05816177088
-0.906782477686,7.51599140716
2.02236368076,0.313842814757
1.0842102762,4.3753187308
1.9507352182,1.22568210026
8.82009079466,-2.08862025156
-1.72504228311,7.69057681194
9.122262296,-2.60459510689
-1.72393470591,7.01434813719
-0.524185535597,7.89981751907
-1.46427092031,8.65840895887
10.1759670901,-2.19434862355
1.92402862757,0.114203396176
-2.01786885304,2.8607971185
0.682686216472,4.12785830861
1.17226585023,4.03413640259
-1.83786292915,1.92540485157
-1.89030333192,2.58391378859
-2.02780307418,7.66742454236
1.06595516715,4.28101573402
0.957292925466,4.17468809087
9.31405516373,-2.25280998926
-1.12157825593,3.31899610919
1.6112975073,4.65739904952
2.14063369687,1.66382022845
9.14357127079,-1.76498100184
-1.40126559159,2.74820921851
-1.44641877069,8.14152561035
1.39197853069,4.24413172085
1.43643450574,1.12311016442
8.64271647032,-2.12295782912
-1.74337382312,2.81226980189
-0.928871676823,3.01593878554
-1.65201243855,7.19096853103
-1.70795770841,7.62394907315
-2.08064973376,2.68977428466
1.76193209646,0.099028493103
8.93628264231,-1.97172689585
-1.34691564308,7.63455085954
-1.56520928733,8.31907675173
2.23847617042,0.614812748828
-1.37925669121,7.64618715685
-0.855076804199,6.77848317668
-1.85712153993,2.67828531478
9.07210912625,-1.39990569723
0.183843083513,3.95970904664
8.64263781288,-2.05221879886
-1.40362310349,2.3210119397
9.05453711465,-2.09514955916
1.67913229107,0.473721544945
8.61097151647,-2.51715521147
9.79752269085,-2.01026548104
1.07233610056,3.75992918327
-1.03970148628,2.85056698558
-2.15795275302,2.77970144225
-1.26728344455,3.28614144021
-0.0783155507756,8.58491229354
-1.64954375004,3.24976694237
1.70215818629,0.746652370326
1.97296028005,1.30097545135
9.51707737925,-2.644222724
-0.97115853934,7.71031018317
9.69871949261,-2.94393060946
9.58488338418,-2.67936312938
-2.18587232743,7.31744245461
-1.01368422234,2.99565336528
9.4371487648,-1.42499681762
-1.72953083889,2.27922692497
1.24487799511,3.85950831539
0.572903703398,3.42055792334
0.707928761244,4.28013204413
-0.916981309086,7.38941751883
9.38540458524,-1.9782982955
1.33652424009,4.33900440627
-0.460342295642,7.64717949376
-0.848843685195,2.74099788323
2.28107741065,0.872418896935
-1.06376371457,8.01574818071
-1.1348350919,3.21513912495
2.76976020712,0.608197739133
0.890476006435,4.12610504613
-1.18832482645,7.59170475873
-1.90902090516,8.09487543202
9.40750599839,-2.23001652663
9.28955062311,-2.65365915973
1.4696261591,4.19839021684
1.41500981255,1.76270979989
8.45388792041,-2.2575970909
-0.637701514472,8.74176635728
-1.67483147495,3.21666654532
9.53809371702,-1.84236319066
2.46029193068,1.70867266334
-1.2531672268,7.50659697221
9.47739971671,-2.49872092065
-1.35033556578,2.623363334
-1.97622210344,2.60908348007
-1.50710603307,2.77502426361
-2.05090581746,2.3425510331
2.10289311106,0.510434273739
-2.15450985194,3.08581088455
-2.22371598605,3.50802446819
1.61768622122,1.50346314289
2.05592947154,0.552646475396
2.16881666556,0.721804561701
-1.86185057945,7.44912109032
-1.48275053867,8.68288388163
1.27981480861,1.70655638414
-0.732843144901,7.76769221681
-1.73100290863,2.47164950006
-1.82121070387,8.52475580533
0.948538197603,4.25549995312
-1.90676105212,7.64204753612
-0.837007678519,7.71940732882
-1.16580650364,3.04793491291
-1.99000484896,3.3557682632
1.90195596669,0.3292358495
-1.3996987111,2.42623889486
2.86547576454,0.359866961879
-1.45526771822,2.47323875175
9.89973027007,-1.05957289823
-1.46792951107,2.52228905581
-2.22121866444,2.73708857738
10.201997431,-2.27811670046
0.384111743816,4.09607425528
-0.792732005505,7.81648031492
9.30186205481,-2.48222670265
8.97864566379,-2.68807019578
1.54141188279,0.307726993239
1.67765929015,1.34321828268
9.45719046853,-1.60599530246
0.620534718722,3.89550227276
-1.04524200558,2.59388161725
1.97257744282,1.26874185878
0.47919260966,4.28986601168
-0.661107840933,7.79350305031
-1.21910219206,8.26064701654
-0.881983715171,7.56801062848
1.18796499373,4.44393850965
9.07121397179,-1.81129975036
-2.23419184509,2.90535049011
0.668465174565,5.05058518573
9.17020727323,-1.64507872962
1.04014900204,4.16008953973
-1.74717110166,3.26147592125
9.88572404067,-1.69187498108
-1.62865912462,3.78449484319
-1.64739052211,3.01381158003
9.06004950205,-2.94286367961
1.67040931567,1.46341250281
9.7707982394,-1.9226584487
-0.964930604379,8.12426389309
9.96470670972,-2.25414901992
2.3177831245,1.31463580568
2.12161300218,0.457804465177
-1.71269133015,7.6714642294
0.551304257676,4.41093374397
-2.02169323006,2.95703288491
0.518151234667,4.26875268728
2.18397315857,1.33801894379
2.25642839203,0.945237657898
-1.2838999893,7.87774575053
8.69444680015,-3.07576549387
-1.61064005108,7.94289880732
2.05985100485,1.88689701234
-1.60136068213,3.45484077252
0.576766492113,3.41242891675
8.9640825291,-2.33818152538
-1.19973844558,7.75736141357
1.72187750454,0.623932642401
9.51966105521,-2.20660425703
1.24947033091,3.83211064438
0.931966442555,4.00522209859
10.5520505151,-3.11743213087
-1.61662904853,7.1851419931
9.54338723376,-1.83186840501
-1.83697580646,2.67124302697
9.47683494817,-1.6045112529
9.24293646066,-2.4587041276
1.28696313952,4.66228977621
-1.59201367753,7.14472887047
0.968610892309,4.47440560845
-0.542025607752,2.81898441776
0.918561190234,4.18149012253
9.47287700845,-2.42553389988
9.19679739192,-1.55771361287
0.649751258238,3.68127354752
1.7225396353,0.728481675251
9.32895850609,-3.05687858335
0.501687269753,4.67289885424
-1.28592425684,2.73807627419
9.32912020737,-2.6524262933
-0.957457776043,7.77625310557
9.6424811387,-2.11022179577
9.72637543123,-2.11306349391
9.09920627691,-1.6967718959
-0.998576179008,3.15689137933
1.31150588242,1.37733072836
-1.31414866801,2.68069103673
9.08004214663,-1.58070949282
1.20068070226,4.77537479763
-1.17986693522,7.73543728716
8.92553538479,-2.85536353035
0.50590606378,4.84880270781
2.36016818655,1.48589639022
-1.66239505661,8.51473902925
-1.26890535023,7.96356804109
9.62762284385,-2.36591801222
9.01533121756,-2.77417035338
8.66163416128,-2.58024155122
-1.58617651667,8.41040331906
1.58699786789,0.755642254414
-0.512773234532,8.0925119996
-2.26211222117,3.32115749852
9.3890273218,-3.28243900039
8.59304406461,-1.46160297379
-1.85373425236,6.3089250186
8.69651310822,-2.46154615059
-1.2722151437,7.48738520352
-1.87947868202,2.96626582558
-0.769388736664,3.47620906881
9.94785074133,-2.92108821654
8.91078509415,-1.51322321303
9.2566472754,-1.77584057595
-2.40421131766,2.48583475666
-1.31238545343,7.6870759515
-0.958498941671,7.18701357131
-1.69645686232,2.50881771452
8.70973379211,-2.26846952942
1.71484543344,1.03334498577
-1.70355927931,2.42638418773
-2.1545821,3.27587955963
0.690139343276,4.60818231017
1.66026776589,5.07760251579
0.614856454243,4.0948353663
1.32655552913,0.667695451327
-1.65310551488,2.38675373848
2.35495273716,-0.242885848
-1.74837612128,8.80177433995
-0.94000776189,2.96504748497
9.95430315156,-1.74973763445
9.2004041057,-2.88321175704
2.12313571428,0.782701806153
9.13420444537,-2.35159026753
-1.30949974245,7.06796593277
-1.28389015236,7.59808678581
-1.9660339628,7.72072702185
0.629807845046,4.54644946353
-1.66426710554,7.76526262776
-1.12153376933,2.24022215313
-2.05863810493,2.76709117617
1.86212333794,1.51651509914
0.0336986965037,4.35946218885
0.969213128325,4.37620500318
9.43196673295,-2.21580851351
1.6414247109,2.08698473439
2.00466783122,1.30170253788
0.672820381251,4.31811107867
2.34464206684,1.16236487804
8.44282196169,-3.50068463859
1.96153922504,1.6061307168
2.41939865502,0.358521863852
2.27874436075,1.35312359536
-1.01316243776,3.49125202371
-1.2632711506,3.42925689623
-0.172575338579,4.5979156954
10.0684644221,-2.40920901158
1.32121874299,0.76200111825
-1.59962461172,8.16155012495
1.9888306849,1.40697904051
10.1099632829,-2.8151512092
-1.15907531986,3.20885928759
9.40504703819,-2.86951894918
2.16878937271,1.92618419163
-0.974510905049,7.90141256366
2.72923928373,1.15203390108
2.49448440785,0.197043390309
8.78269783478,-2.47097003784
0.400409950605,4.04034328552
0.948346171937,4.87041253577
-1.8868892533,7.97201338531
-1.60491160699,3.47194636315
1.10980000617,4.67728109903
1.07889407485,4.39445330347
2.2626249689,0.717219888885
-2.14853925603,2.64219490917
1.1591570507,4.21685781175
9.42294494979,-1.76554354266
-0.604505207735,7.23992615319
10.1923965153,-2.74492715634
-1.54945236968,3.1121174951
9.15118820317,-2.63877501869
-1.56395865428,2.70205190455
-0.830901686026,3.0143649673
0.412512166524,4.65365798757
1.17473488682,4.38424411703
-1.64249537702,3.04994439028
-0.786331942684,7.03795601165
9.06069942853,-2.51057915624
0.752155475735,5.17207675167
9.62850010793,-1.44875843854
0.512102971405,3.66029126104
0.710138878033,4.80977596048
2.45177651513,1.36250879747
-1.68742022345,7.8463185904
0.788405271098,3.8099138328
-1.44551604952,7.50104139911
-1.39075156219,3.40943475555
-0.968436087366,7.47400225136
-1.90840463173,7.71630822239
-1.05291841815,7.80053643131
-1.15324377864,7.71816700233
1.68839347392,1.7082099558
-1.60452945422,7.57313548811
9.86724481676,-2.1911703857
-1.07052908971,7.60870956614
0.951361431936,4.18501552058
1.2788027192,4.48714515376
1.10537709815,3.25951990334
2.18805162392,0.403217854438
0.325329463743,4.66392140465
8.74313616457,-2.48465526778
0.686641797272,3.30325590895
-0.763098096766,2.66291090025
-1.49596090988,7.29828041231
1.8449190671,0.510594636722
-1.40232139448,7.69582311424
-0.55735117993,7.75223187796
0.0688870960366,4.06103274243
2.24327778388,0.339566308554
1.07504937865,4.48066564774
1.63527521333,0.882149889198
8.67586949787,-2.62104685016
1.43159917339,4.00770935731
-1.55264830223,8.05780637735
1.80590846024,1.5724348305
0.78622840769,4.35090864069
9.13405405474,-3.03255655657
1.84741530452,0.615743059521
0.679921243484,4.07238204278
-1.28985224586,2.96335964129
-1.5566558649,2.72775783876
2.00727381829,0.675717185738
0.590822889841,3.6100729976
2.46620838735,1.8927506099
-1.60661583571,2.51705412896
-1.49100157418,7.27013073029
9.7902542177,-2.20588668607
2.14376114304,4.12197279522
0.980995087871,5.10742904971
-1.78020230443,7.51317988987
2.23093174601,1.61250247093
-1.1380494141,2.23997383665
1.78676563644,1.15283985557
-2.27601813095,3.11155275949
0.556515009869,4.86328105045
-1.93804905144,3.7359041473
8.83991078985,-3.05159949821
9.45532800402,-1.58855452208
1.15447309924,3.81190964852
0.463716391644,3.75730670512
2.29832288331,1.92837384168
1.07718357798,3.54837756418
0.935598175272,4.91920608536
9.27615630234,-2.14655818379
9.04883891421,-3.09444702217
2.24405337022,1.31365896982
-1.75430733808,2.00965542057
0.424824095073,4.68375066683
1.47011144693,0.535930978124
2.13171260334,0.938535327104
1.17989017023,4.34784059288
-1.03650876471,7.72934812322
9.33648225011,-2.71595776678
-1.0382952621,2.2963872226
9.23681693739,-2.56721630536
1.49160051776,0.633819648593
10.0668224936,-2.93914094235
2.20935982951,0.79712190945
0.0624620680448,5.23280911506
-1.25479709961,3.66862223817
9.19603361563,-1.86692304836
1.47905747054,4.07028223546
0.589151975166,4.4515229102
1.25163731528,3.70011380094
9.26367786324,-3.42832927527
8.94599636355,-1.94803572146
-1.1247291456,7.91946635785
-1.23531546777,8.08429374787
2.06776048066,0.706169664191
-1.88409424301,8.06380365325
-1.98030370732,3.17297347893
1.08522316099,3.90386321164
1.94008657029,0.741042789099
-1.56821897678,3.21092676491
1.20039366065,4.29200082064
1.77222620302,1.37919629037
1.35416818375,0.669498013544
-1.86593911652,7.44961723522
2.09990970957,1.60699819762
-1.5727345733,6.96206292296
-2.33957533139,2.90918700495
8.80967788188,-2.63545792245
9.29000994296,-1.75953403813
1.94972625572,4.90522490469
-1.22467655581,2.47950691556
2.24911453216,0.830212443658
2.22821305378,1.3520339946
0.451952650194,4.70915924658
-1.26435327588,8.19134769161
9.1129445323,-2.01549141546
8.45139969334,-1.8224985239
1.62454637721,1.35395112929
1.41966295757,4.6489011788
2.73550522888,1.66557437121
-1.38908139348,3.36749969392
1.64648026148,4.53837401417
-1.01852850167,3.07493386427
9.795372242,-2.44107811707
-1.49416238388,7.49892226318
-1.62342681114,3.66624979232
0.512799201057,4.14631281338
1.46145886522,3.15215422759
-1.30362327769,3.17751241336
-1.26116323162,8.59301609254
-1.5402859421,7.8173336474
9.80973413415,-1.66898012384
2.0169655003,0.643728194952
-0.959828973677,8.25247106713
-0.847167883829,2.66071697456
0.236935696458,4.12105501913
2.32712905463,0.164351038701
-1.6179755594,2.28374910963
2.22229517012,0.452243512642
9.64309806304,-2.40800724583
-1.94771125747,3.08970306566
1.95555904224,1.08857733808
1.84407769011,1.29172671539
9.32884865526,-2.30105007568
9.81243940224,-2.48266216008
2.14755650279,1.42035387154
-1.67718654885,7.61977618674
9.66898719749,-2.15690105932
-1.03087685916,2.60419937877
-0.809930886044,3.17380734094
-1.61154439534,2.45179578455
-0.922118657098,8.47203439985
1.34225441801,1.27766809791
-1.06847776736,8.53265008285
0.960174446209,5.3751227355
2.42330534547,1.00485374635
8.84279420605,-2.06209698078
1.6677205224,0.668345850112
8.93750390514,-2.18606986875
8.62580540273,-2.22863806576
1.84489559329,0.509541675062
-1.6710940595,6.76367245368
1.5258933103,4.2170085046
-1.58550443813,2.83264419337
1.79229864754,1.06217981704
1.77578030747,1.67822113865
1.30166530073,4.31486278381
-1.19467378835,7.28949646707
1.74680742815,3.94733556819
9.27367550891,-3.18228123964
2.48993877474,1.53783579697
-0.802197472988,3.17177704951
2.03759692547,0.470643895056
1.48900038659,3.74811570829
2.03918329134,1.04887074414
-2.06836356814,3.44799631715
2.04816687373,0.676385111332
9.21540069173,-1.9470329838
1.92827937692,0.376472226605
9.06348249044,-2.58643893612
1.31797688985,0.098288782582
-2.10326703459,3.66562559887
-2.18468626722,2.22092399968
-1.52853428098,2.70175306207
-0.267035571133,2.77128291527
-1.19192719948,7.86837873657
-1.444021088,8.13141695902
-1.62004252694,2.66439304966
-1.23830184798,3.29311531112
-0.841206974294,2.89210572143
-1.19770580138,3.06172466374
10.0548003798,-2.10227555377
0.780862179974,0.410121662819
9.85528990134,-1.80508408853
9.62816439786,-2.26941847507
9.36009723194,-2.69020711808
9.19042270228,-2.41309712342
1.65971178018,3.7767651198
-0.817691925642,7.96132009701
1.06535535902,4.79065817576
-1.72005476803,1.89987262547
1.3618438539,4.01082581046
9.88499432677,-2.01793720336
0.766189582823,3.66617957654
8.81361351151,-2.42158096347
-0.945213303766,3.59957929358
0.99416510911,3.59863970756
2.23702073081,1.76918426802
-2.2156813232,3.06531269199
0.750002563257,5.38939148324
-0.87911335058,7.67460046473
9.60925478286,-1.91303780891
-1.4331990864,2.23439136471
9.37649331346,-2.14468697896
-0.638559036513,3.13289611451
-1.32368031029,7.11896286749
1.13804705835,4.23873225983
2.44825784766,1.43754493932
-1.51211188466,7.63436803637
2.40504215513,0.766695001465
9.64460273507,-2.93796384396
-1.11866182254,2.5374336574
1.61661265198,4.48202629068
-2.29567759396,6.73510764479
1.1402866407,4.96588220771
1.04669802063,4.40826879374
1.1042116121,4.49071760923
1.91758886264,0.700350153822
-1.66239666716,3.15952682284
2.21533410351,0.682884838256
-1.11647016046,7.78743829939
9.20327681481,-2.31030698598
2.05507972455,1.06603344862
1.55496288173,3.62563804825
9.16980023566,-2.02114384135
1.18704343397,5.08493287641
9.25460600339,-1.71199591282
0.950408795237,4.12773965397
9.73032803968,-1.83827857545
-1.75952995916,8.06284529078
1.56956309672,0.846262161785
1.5080330601,0.960966016427
-0.863626704834,8.3700122708
9.48613704256,-1.53811521969
-1.30893649765,7.86612488682
9.09585498872,-2.6188486287
-1.04612972845,7.77637415727
-1.14710900221,3.07222170337
1.86127416955,1.15540177502
9.00951836178,-2.42379745728
-1.21030370842,7.70150705211
1.28112805475,4.32710650272
-0.735048921473,7.30158811533
8.59345633134,-2.0731323378
-1.26997658529,3.40041755261
1.90037911602,0.783943857519
1.28067740811,4.13188329744
9.48130880163,-2.27273514813
-0.804957169485,3.01151354967
-1.41405212924,8.05541359983
-1.65656316695,3.23818563198
-2.0020857248,3.17930192632
-1.37466202057,3.5689386946
2.07559215661,1.73436951017
2.32315265989,1.42153195474
8.71580664687,-1.7509252046
9.45030520375,-2.20223640177
8.5028170221,-1.56365578737
-1.41044510792,3.38598979525
1.02808662146,4.13317092415
-1.80656775179,7.88551741165
-0.703858416455,7.26630000102
2.55184421646,0.638798462275
1.88537140786,1.28225288786
-1.68965661903,3.88705603986
-1.1144232276,7.998848115
1.63999702968,0.244561335752
1.70508493678,1.67921239058
1.34598364897,4.30616901828
-1.32389065779,3.18795735655
9.38917339687,-2.99559457821
8.98363788302,-2.24730140361
-1.36220358992,8.32968289162
8.73329820155,-3.53179723034
-1.04549743689,3.63581413719
2.0924424859,0.527973127279
-1.68144205206,2.53663768125
9.53679293032,-2.02602976794
9.17976129292,-2.63479993285
0.707477847512,4.19672254907
2.93781966665,0.865156218536
0.841054625033,4.14402439847
9.03716702887,-2.95266313754
-0.956637579196,7.66354286112
-1.52597025336,3.37994252182
8.75681374262,-2.26682850115
-0.976609162048,1.97895274835
8.69505219852,-2.58358826131
8.67976015074,-2.47332661961
1.55926393552,0.886616419299
0.777854894015,4.17762735462
1.24641240947,0.419118837768
0.961276401266,3.61492575362
9.35643137098,-2.00508890247
9.81237648361,-1.52188418662
0.369703638363,3.96107930273
1.07400091323,4.33898235894
-1.1054258376,8.51296514303
1.47139803075,4.887897215
0.441283412544,4.07571996801
8.90481861105,-1.99554582322
-1.10534616591,3.26453115703
-1.68669141833,2.57967621577
-1.05700689355,7.48466188234
9.58498933427,-2.68177991859
1.76128940557,0.932994971266
-1.11834717648,2.42593047923
9.3555681885,-2.02659539265
2.49120249833,0.569002966937
9.34029008133,-1.83467400308
2.00108453403,0.231971468954
8.78389572925,-2.35436214758
0.186119316,4.50670783526
1.76694094555,0.387223442763
1.66427937534,1.19303949782
1.22076042967,4.5013566584
1.8886936474,0.46599873325
1.79242542538,1.04846118903
0.965729681287,4.7894249551
1.7901144775,0.695854407146
-0.620027786681,8.36459354904
1.55953751893,4.58119401813
1.18604497026,4.13717822913
1.39090385756,4.51115384217
-1.56483766678,7.55870063373
-1.16135389802,3.16370460146
2.40041322418,0.435960396706
0.59260644732,4.31411921747
-1.90316257029,3.7326440536
-1.52038913301,7.20145908276
0.836371301282,4.34761740227
2.12756505685,0.468973431171
-2.24773244166,2.9008240838
10.0754909303,-2.33723969055
0.074373006572,4.47338176183
1.60290338079,4.77070087762
-1.9100891762,3.10786533492
-0.860817803023,7.07451102283
1.39752819529,4.60905837193
2.6652167376,0.718497002
-1.97476321246,7.74159032064
9.5298656467,-2.08792874208
-1.46974323423,1.99572790037
-1.15631240897,6.97114249612
1.31250482894,3.76876209761
-2.15331117567,3.18437481807
-2.15981085802,2.83921174411
1.09829666163,3.94311372902
-1.93283640036,3.06233202112
8.99010762706,-2.13334147296
0.980152633059,4.54093922125
-1.60951985678,3.06422168294
2.90854952432,0.537759897664
-2.93130106182,8.27356957348
9.47108894327,-2.56220433157
9.52160543639,-1.71407113777
-1.4209449768,2.96842072113
-1.35312914353,2.9632724398
-1.15946331732,2.91895560039
1.86235159192,0.610635409525
-1.94421733085,3.31763474923
-0.930335431526,2.76399023638
1.8813355852,4.28371938554
-2.06397175356,7.77938190788
1.61286433875,0.493418772794
-1.60288639028,7.1871754612
2.00550179517,0.703069269578
2.14142041384,1.29389369957
1.2526057952,4.71878032965
-1.27626827064,2.1365734494
2.89527493818,1.23852440847
-1.30328733586,7.64299085177
1.68675941603,3.94581207992
2.32648596683,0.630071263564
1.50672088557,4.22282115133
9.27099403664,-1.89395515974
0.892995926592,3.94034550802
9.40777478081,-2.05726690878
0.309709395558,3.73113616668
-1.20223878142,7.71444876431
0.208448492765,5.1816362553
1.71048892094,4.47377895383
9.8145007473,-2.29520280423
-2.37169478135,3.40763310575
0.621368914017,4.79637459607
9.24877404865,-2.69871131153
2.49790380954,0.859136930534
9.11081184505,-1.82711173987
2.34490159539,1.20766715991
-1.20484016057,7.30679097019
-0.890757033011,7.54313259671
0.917295773353,4.81367327325
-1.20408276519,7.30696991663
-1.11776919032,2.95420621203
-1.32717063454,8.38517242922
1.10073812123,0.0701826882466
-1.07221171927,8.43433245829
2.157573199,1.62407595621
-1.65855159291,8.34031832262
-2.09558144307,3.66715449439
8.9859631922,-1.86089909545
-1.95463708867,2.70908387083
2.26054114654,0.472472071113
3.16421239151,0.984887941556
-1.84778873483,8.68614168203
1.10512473855,4.57776705296
1.90582149663,0.573019576931
9.18773325066,-2.51668836978
0.878642772075,4.50421429035
1.43407368289,0.656502107188
-2.01962988409,7.81312130879
-1.36755072243,8.04221818208
-1.7216762841,3.08661818745
-2.21089252004,2.820442469
1.90831508148,0.893969212917
1.93996280733,1.28361151949
2.16902909887,0.71405704087
0.858529627977,4.22177717474
9.14904362648,-3.38918839141
0.671158476842,4.88781793324
1.4711168967,4.59865600627
0.884966500201,4.25434007676
8.55347520453,-1.96019415483
-1.64138955939,7.3594707607
2.14851534847,1.16027012705
2.68100780662,0.159056785968
2.02748303578,0.69658734579
2.31021291355,0.963500660638
1.98329461694,0.52328278799
-1.52106888134,8.11043606348
-1.77037506509,2.87673528227
8.8539837854,-2.76063304605
-0.570666817305,7.5674697722
-1.22092921047,1.94448831955
0.510860799743,4.61050486068
-1.01100960698,2.95027559905
-1.1835636347,7.89405945629
2.51481865586,1.21657653284
1.68914932274,0.662924980451
-0.645062131656,7.98939369323
0.546094828325,4.14809552838
-1.29406807277,7.76837529241
2.06510333263,0.916806243251
0.992922653406,4.64934341093
-1.38738160622,7.66967306702
1.83215954889,1.44512363112
-1.21393737521,7.71778937198
1.4003807322,4.18336969164
0.89987884629,4.2434275752
1.39764942315,4.06724906055
1.12502961887,4.73094824055
2.19901184643,0.835663013509
-0.220357428552,4.57663111341
-1.68435629485,7.82719183754
2.40402798988,1.09244058961
1.41314556299,0.478007056484
-2.56784488339,2.77561855225
0.817225791606,3.57637394256
2.12374716045,0.729306815819
-1.38911248489,3.08154631305
-1.46293111236,7.91222920635
2.18453331204,0.896369413741
1.8509313583,0.936342047983
-2.28548163593,2.97074600593
1.40253346404,4.23403278556
-1.6018056514,7.58244678435
2.78725982447,0.802516429057
0.580647795571,4.19979160403
9.35652800454,-2.29857388967
0.652448103698,3.9379404826
0.335442669504,4.08179337994
2.30695206306,0.419000643976
9.49424742421,-2.49559634144
0.916104376696,4.78877204014
-1.75507049768,2.01303024047
-0.0779534330583,7.75508074623
-1.63197717918,8.01800351905
-1.83519765437,2.59859780651
-2.10598936544,7.29248028603
2.26208072861,1.02368969695
2.2007779606,0.281437654117
9.06605103779,-2.8990782682
2.0130325925,3.82678020722
1.00322268595,4.2081519573
2.01109497639,0.498687242913
-1.88811241062,7.4142557413
0.77459566534,4.01158525997
-1.68975150204,7.90979239624
0.659154954411,4.72825465368
-2.2529443684,3.12697134082
9.39971554286,-2.05009547819
-1.34584916966,7.50908309453
-2.25244771217,7.79000888285
2.12486849657,1.36636943491
9.90206750103,-1.71473827244
-1.28832472852,7.57563170371
-0.810124148449,7.33554051466
1.29057579564,4.30548422754
9.25096396417,-2.2243401412
0.801973010713,4.16775108969
0.632405312789,3.65678116424
-1.59254950036,6.94146289199
0.544043106812,3.94688451423
9.3094555389,-2.20764503806
9.35449100674,-2.69144654898
8.44585239348,-1.74028245796
9.700095025,-1.77709538454
-1.32765311831,7.10041447723
1.06405144226,3.50208404238
0.764755281331,4.20625816569
-1.593555257,6.76912953366
-1.36052910992,7.76055313863
1.77400519562,0.721986947644
0.819687243382,3.69476234128
9.01523987977,-2.13996935439
-1.45619066607,8.24640316818
-0.670725823955,2.56883341276
9.31940365766,-2.76479384637
1.01565924046,4.72622342151
0.588718520272,5.16331655634
0.36436875207,4.28515696225
1.10419593041,5.08798827874
-0.0479608347483,7.83542925698
2.40363979585,0.549157123991
8.88170904461,-1.73617092941
0.633318548181,3.90428626596
8.2992070699,-1.81610808794
1.05003793615,4.34713193761
0.875353558133,4.16777494874
-1.51690831419,3.16243630915
-0.343196340975,7.72948352419
-2.12450609551,3.02204230324
2.0281381313,1.02280013152
-1.46001664565,7.91959678934
-1.22214335083,2.9035222773
-1.23436598175,3.73730493467
1.21961819193,3.48565239378
-0.93587625057,7.7390669175
-1.51250412856,7.54617693111
1.28668825259,4.88961813075
2.11447580699,0.265161638612
2.00802665597,1.51300040205
0.751712591449,4.31339537818
9.0299058182,-2.38682271599
2.64707947101,0.75210779732
-1.2482842985,2.0744411878
-1.45030971612,7.20821745561
-1.51100124142,7.23655443895
-0.846870362847,8.04420275999
-0.784622742329,8.53328428618
9.09877040277,-2.6042006291
-0.68217830042,7.4490592365
-0.622755660693,2.69746563227
-1.70920184348,3.70326031904
-1.93144879208,8.339328492
1.66166938654,0.589682959675
2.77538803987,0.81268800884
1.88259714826,4.16574272824
2.15226639564,1.15326697159
0.930506304997,4.31246305048
0.915092713241,4.81538844062
8.25626615642,-2.73323611579
-1.71852115309,3.82154943705
1.059036551,4.13031693528
2.69947301229,1.55566003679
0.748858835778,3.93668113355
0.104944165916,4.38873769601
9.36601361974,-2.61310679371
1.61824072226,1.53950624729
-1.52423154675,2.44587709417
9.62160215801,-1.89841862106
1.333135183,1.55408529729
-0.641425656258,3.11933970842
0.506861804431,3.91810214255
-1.93780870513,2.83757669463
1.87383278335,1.32489614564
-1.14602839658,7.36128190799
-1.56786871376,2.09484277545
9.4029947784,-2.50160102473
1.77958593894,0.527390914006
9.63112943973,-2.58415340887
9.81473215929,-2.6668076714
-1.91224028537,3.48482616052
1.60825490249,1.81659612736
1.02024631402,4.56611648334
9.25639101142,-2.44079598708
8.94267052564,-2.22007204856
-2.17871410168,2.21012385769
-1.37279184136,7.58308139295
-1.34138149097,3.15971079743
1.5630147459,0.990272221618
0.836071439089,4.32906173145
8.85051426664,-2.80462549865
-2.0717890503,2.74070209107
-1.83326721038,3.40601867082
-2.36045820873,2.59688511566
-1.84588643229,3.57106986897
-2.2143383899,3.3358161275
-1.56438379129,3.63917089455
-1.43491022281,8.62587540501
1.99962518978,1.1249001516
-1.93439512107,3.03715053234
-1.69323472142,7.64137355868
0.455460211911,4.16325581444
-1.61120812327,7.30710438251
-1.78934909589,3.20768302584
-1.4336036925,3.25950276513
9.2121127799,-2.59971649295
1.32398275524,3.55606809645
1.31635320855,4.06117764091
-1.7295204746,9.01962345147
0.562669028355,4.39052655953
1.41391118366,5.26402803869
-1.02199713669,7.286096028
-1.41637662067,2.90303384521
-0.918637391093,8.69363514473
-1.93526370486,2.83130036782
1.19277188542,5.54549712876
1.54660532321,4.52856153251
1.98895837237,1.37457649266
-1.57300067862,2.63897011266
9.14669813728,-2.32365169506
0.359428086402,4.69333114272
1.76409343456,0.974723255256
-0.991929952964,7.7120252571
1.67943081085,0.471630475007
-1.5056169882,3.02571302267
2.27145854469,0.46197993118
-1.7603094225,2.79035326283
-0.952847116831,7.86509304624
1.43607584206,4.05514402441
-1.54743044047,3.08526225954
9.7776023732,-1.87557742668
2.23956582164,0.537846585086
-0.874472626809,2.52123108142
10.2471330282,-2.08913598362
-1.5426324233,1.99700535002
-1.80677168443,2.99157896217
-0.831863548553,2.73168913916
-1.85376863771,2.84027589283
2.75592204012,1.29547589878
-1.12500005882,7.74106325375
1.36123785357,1.28563028554
1.49565289227,4.38141431487
1.75599461266,4.61181282554
1.36443828364,3.10875873561
2.20784418661,0.63232924106
-1.99157344067,8.05442027261
0.926526782792,4.76286504772
9.04016583973,-3.41673238865
3.03229174863,1.19559708999
-0.372533498601,8.27483180068
1.66602072501,4.9649987739
0.592991939782,5.12401294751
-2.54555114869,3.08664122525
1.72637440775,0.158897206974
0.877476615797,3.81597084815
2.4233574447,0.772152236141
-0.972248650315,8.66512500506
0.67579935429,5.06065211048
-1.5632416088,7.81825038538
9.0932173406,-2.18070875845
1.24537048977,0.400553093695
8.70610391114,-2.11579381373
-1.19219394403,3.18434935218
-1.72757242172,6.86181255987
0.753024028254,4.27012508524
2.20502671926,1.35385140631
2.10001025476,3.29339258568
-2.04549109125,3.31758665686
2.81387405763,0.156042867073
9.00564246895,-2.31179403012
-1.18023961028,8.43085110423
9.46463925823,-2.37078754338
8.64495829514,-2.4798186722
-1.01185492234,2.90943708634
-0.91131307618,9.03123288774
9.85059675489,-2.31031110147
-0.869963959584,7.95295779734
1.84343339725,1.02042203523
-1.45622275494,2.47667560083
-1.63140665412,7.6832775447
-2.03914979442,2.97600523974
-0.763464078131,8.20045037014
-0.942386526287,7.66183584059
8.71144214677,-1.83410087368
8.79541190282,-2.32597910925
9.32146274138,-2.2465149501
9.10547715695,-2.99997573469
-1.56539260505,8.16637421854
-1.31990906941,8.35653325387
2.56466983159,0.645222208529
-2.19170664129,8.56523760585
-1.68135978773,2.94973059549
-1.28068863434,8.23331161026
2.12990610663,1.49577723717
-1.29439404109,7.6442638156
2.23890111364,0.164162466977
1.71809688317,3.60628094224
9.27216675395,-2.38974629723
-0.800999768615,8.13078181307
-1.74254578855,7.66569101067
2.75506883586,1.17366046179
9.3773225279,-2.96733165193
1.25762423151,3.58286138243
0.771148672037,4.94555876586
2.68654765448,1.04879378457
-2.56503500767,3.24709888859
-1.63564793641,2.98927562986
1.6967186336,1.59429372056
0.614735729668,3.99348992746
2.26509804103,1.66933788384
1.32029393241,4.1830195966
0.726830746589,4.09200038128
-1.04421779196,2.40552671969
1.23175467374,0.584537856231
1.90506158927,0.888605563193
0.241584541741,3.59829185151
1.23573594602,4.21005288744
-0.628359312525,3.39182221547
9.20640163057,-1.81315146576
-1.49803891601,7.87946376479
-1.43765683651,3.45337238374
-1.91798892692,2.71167914217
-1.86530319684,7.9249437948
9.45257009942,-3.11975813957
2.54764266758,0.405255231072
2.24330168788,0.87965523353
-0.913562442116,7.5091250997
2.24003832753,1.11410009245
-0.716309833001,7.12866544848
-1.70248603586,7.36886979314
-1.52061097254,2.65735820321
-1.62371299034,7.78651867192
-1.34284916797,7.63556863684
-1.22421748987,3.03480688408
-0.76704536409,7.67542722508
-1.03750817126,3.25056930124
-1.32671996604,2.91618899362
9.13941564241,-2.2320183854
-0.345604626577,7.87220627907
1.4373983735,0.417179754979
0.990040899499,4.27244861715
9.918152411,-2.50383970914
-1.54697373995,3.03494206856
9.26723864679,-1.92430559554
2.25651296079,0.620409154442
2.82659068283,0.552086793656
1.14314132912,4.36771513978
9.24587879742,-1.976885492
0.532790246589,3.64146157409
-0.816756359791,8.68997447594
-1.27569901665,8.21234251834
1.84225510496,0.806056857775
-0.811610880495,7.39646600857
-1.294498983,7.7534186007
0.794840452409,4.85388760912
0.504421244266,3.66477925572
0.926549846267,3.55647241211
9.37848143692,-2.84380956047
-1.56024477733,7.71822918309
-1.04941450143,7.4678725304
-1.07142828039,3.54076628739
-1.06229058777,7.3481126573
0.69082513639,4.14055380275
-0.293822692339,7.46092924232
0.305204161829,4.50151359302
1.18071193835,1.12639829346
-0.943871866701,8.31120638953
0.479297575804,4.32726161312
9.33219697753,-1.58094797518
0.886990574977,4.34617386259
0.242680822412,4.51203934243
9.93272137678,-2.41205190643
2.16631223222,1.58434456234
-1.17814850592,8.51946159852
9.07079926209,-2.91645310881
8.68385672684,-1.90664289221
1.82050408521,1.24758693654
-1.09554109064,7.69503787774
0.855668561618,4.66489270556
-1.80857841496,3.13042981012
2.09417115724,1.00913153025
9.56857201135,-2.06466536585
1.45709930824,4.09976371572
-0.841865970055,6.48211327364
-1.70675429446,8.14929438209
1.8335487168,4.2971375786
-1.67551106519,2.54221903774
2.7441870794,0.939265140899
-1.47530461275,7.96149534055
-1.04047801179,3.31810142
1.9346631189,0.67418996556
9.57565836624,-2.61029363594
0.680861424809,3.02823780007
-1.40777157223,2.17005049608
1.85370584415,0.808241882186
0.219721881574,3.90375021631
-0.96280266642,8.31723274021
2.15093169233,1.59382783358
-1.35185763797,2.5749647294
-2.09457529928,3.14918414225
9.73835598468,-2.69506115118
-0.660283064191,8.03778757181
-1.48009504168,8.32110756502
2.37107003889,0.930642104341
-1.4318086508,2.82680484305
-1.03309952638,7.79355475922
8.8698721124,-1.70693797739
-1.16853452294,7.37503210713
0.984726384845,4.03658747595
2.10247574572,0.957924475115
1.83915860265,0.662200735415
9.5021354412,-1.61457805518
1.96485913149,0.952802752882
-0.538566079135,7.46969907026
0.799695029379,2.93302295279
9.19912002621,-2.16355164934
8.90735254975,-2.60357918432
1.35500414738,4.19153096638
1.21174457579,4.2265914784
8.92843567464,-1.67185172444
1.44194409519,0.541373227898
2.1269302322,0.0163166301265
1.7104201019,1.4743437631
2.41619080387,0.0667242681888
2.29673595569,1.07977661496
-0.484483510474,8.31808539692
9.97671664003,-2.7481304875
0.969584112037,4.67341999911
-1.63719080323,2.56747829864
-1.91536995708,7.85354574774
0.811772088053,4.72592897086
-1.47671768592,7.77224245665
9.11416383925,-2.30260196576
0.852218337994,3.98440974282
9.70766706106,-2.64626343898
9.2230075904,-3.21299653334
-1.68479150538,8.39587946289
-1.18099348339,8.19034321552
10.1322527559,-2.58476501285
-0.879276876118,8.31310574753
2.50586647924,1.16640928692
-0.996718799205,2.36882954071
9.43192458952,-2.57321776085
-1.46353921988,3.13095197908
9.33455546091,-2.8079218656
-1.02471457561,2.50364008794
1.71530929457,0.35712297638
0.9246211824,4.44272538627
-0.932546539464,2.33648169836
-1.17834837383,8.08180171489
0.767651889956,4.52045399065
-1.98522360396,9.02103127602
1.15584093408,3.05612058706
-1.54956289796,7.85587693272
0.494431398867,4.77829060457
-1.35185304993,2.76512781667
1.97046543447,0.368537915366
-1.15000745186,3.80027862696
-1.5679741721,2.73717545735
9.53831934998,-2.01060792319
1.24160275451,1.08276406924
-1.58784939426,7.59472030144
1.14566156757,3.80905697169
9.42394783467,-2.22133131446
9.70404579191,-2.21962575303
-2.16177450424,2.9920929895
9.47966126674,-1.79440573321
-1.27820905615,7.85000850699
-0.833971243897,7.91680318878
-1.42567739114,2.77014676331
1.32307295305,4.24508944725
2.05025648913,1.50249712854
-1.46446865014,2.34443854585
0.84494326531,3.96111583213
2.03879873962,0.859763176501
-1.54607488104,3.09261222762
1.89467533382,1.1432094555
8.58164126257,-2.58418429661
-1.33569781066,2.07121455199
2.91667088511,0.147983425379
-1.52823815137,2.11821263846
0.326046988963,3.75904298009
1.84843562241,0.899276102617
0.682737958576,4.06925213691
-1.5539660617,2.52810630178
2.16267422835,0.845363562146
-1.47031278423,8.18901659874
1.29713948994,0.672926117478
0.746407766641,3.77250284459
2.19887080147,1.03593281117
2.69515652311,1.1030271735
0.666985511826,4.25092378156
-2.07990685184,3.31765961064
9.69620337593,-2.09169676633
8.96229192425,-2.55945077533
-0.923791410164,8.87018119563
-1.63764183833,7.79382235943
2.30462493168,0.596107005961
9.88993527402,-3.19624337426
-0.997149588743,3.38587856445
0.557699652411,4.22342223601
-2.1205166128,7.92148167217
2.72348404085,-0.0580868481826
-0.7016822849,7.6587188262
-1.94678904162,2.81043291875
1.72949960461,0.393830954782
1.60578556319,0.564602104105
-0.855964451592,8.0039851449
0.343586766226,4.03826138681
8.77506373088,-1.98333813576
1.59321513138,4.07435786849
-1.56667191935,3.03833416335
0.816972818482,3.68505924541
9.37436069489,-2.09578122695
10.394424001,-1.8758347999
-1.92679439061,2.85676783214
1.70017154032,0.898225465043
9.27935865838,-2.27333480094
-0.862815566898,8.56748436498
-1.32536266437,2.57779441914
0.987780279252,0.275878405665
-1.29139792727,8.01340664941
-1.10442973634,1.69555612219
-1.7227563955,7.44592487693
2.03273033277,0.518036636997
9.905929881,-2.54642866237
2.02810439896,0.577695391382
-1.33200058497,2.82329729512
1.48325624349,3.81781814868
-1.09206641269,3.01248640893
-1.19678632252,3.82322117974
-0.882389404649,7.50412632519
10.1967872513,-1.88778060974
9.11269103737,-3.34468070979
-2.19072623059,3.37269443353
8.80057286274,-2.21634467637
1.23155070358,4.20358353222
9.10848905316,-2.00262740408
9.13657207951,-2.3786035927
-1.55833943744,3.03043351943
-2.02189087663,2.7359237625
-0.7642342973,8.00799127598
-1.4639092029,2.76306172835
1.73518893141,1.40524414116
1.38585058719,4.44653552428
-1.13604965372,8.08230831592
2.55192980229,1.07790246801
1.13663495727,4.62174525313
-1.49771108352,7.30948637076
-1.28163821265,7.34704916664
9.35363429949,-1.97941310464
8.78659166611,-3.08321438788
0.554223974528,4.49868590637
9.22405976238,-2.45860216224
0.146888780976,4.08869902563
-1.22589742757,7.11462807653
9.23561411045,-1.46422003759
1.70752017409,1.29458912965
1.29312003851,3.63073154513
9.70232101207,-1.97213085109
1.87066910968,1.51964550971
9.15674777961,-1.56099957893
-2.1436613763,3.05763638102
9.94611942468,-2.46508881231
0.894694686098,0.475784436189
9.04435134667,-2.09337217909
2.29073530384,0.655751144087
9.51279727537,-2.69118212786
0.730699690238,3.45572369721
-1.59022619526,7.62291455776
1.92882603821,3.5788920459
1.8158703072,0.467347369843
9.81881868557,-2.97530604156
-0.926153207287,7.90686041266
-1.07186967856,8.08938922382
2.69420630892,0.463365686309
-1.71273447723,7.75564734817
1.14090203311,4.88780869759
-1.34064286167,2.82820623662
1.64860566147,4.21146610875
-1.47813705896,7.1813265713
-0.991825831736,8.16915798857
2.38986660341,0.992325374921
0.949906130536,4.16089293518
1.99648834324,1.52797372544
-1.2351508094,8.08725641672
-0.720130723158,7.1189567462
2.44186440819,0.53333170072
0.917721949159,4.34606628067
1.93322421848,0.304935004975
1.62058828495,0.571723566284
-0.827882143444,7.46884114825
2.18914898071,0.917473684217
0.747887157801,3.8304412813
2.23826321079,1.43842769499
-1.70002704666,3.17033356116
-1.7593233621,2.88038543297
10.0559291544,-2.04710991225
-1.67143982347,7.69314164234
2.40214415362,1.00708935687
9.54590946661,-2.91178593989
-2.32641497174,2.49722989953
1.32423391838,3.77104103936
9.22922796022,-3.08829514035
-0.996165021681,3.29436845555
9.01330111925,-2.47887550969
1.6156645974,0.632352694793
-1.68591911314,3.25221020081
0.155354583374,4.44040908446
-1.76822557806,3.46230901132
8.97921791357,-2.77722120513
1.27802678119,3.98540976357
-1.92471064161,3.47324707743
-2.19281204012,2.97849152939
-2.11026618795,2.87602139633
-1.18527250139,8.57736307866
8.99201995351,-2.66494020971
-1.27690849184,3.11566730661
-0.767326888495,7.73022013087
9.65074173337,-2.81545415572
8.99163239338,-2.57218229294
0.805455905991,1.41594394859
9.01387078357,-2.8294494134
9.36053283291,-1.76403120239
-1.66313972083,3.3632380102
2.49997577962,0.666407332312
-1.45908984852,3.23086550151
0.675795949685,4.45092049538
9.68572650246,-2.5831400555
2.15212573187,0.444799175183
2.11462781154,0.00640914395691
-2.15230547173,2.03872690815
1.99295910636,4.2847716092
1.87456662641,0.686849439832
1.4883632169,0.910542886822
-1.34007172578,7.40897685144
8.79881591426,-3.57268700939
0.282911422046,4.33225522484
-1.54732652709,2.89397000858
2.37188102102,1.31577897643
-1.49495005089,2.69579292861
-0.912778704786,8.03977314388
2.26105686246,1.3307174451
0.662923084309,4.17310863209
0.463358973604,4.65701821201
-1.25683197095,7.92800551895
-1.65035120398,7.33212337298
9.24922567877,-2.23132381563
-1.39380342339,3.29704721974
2.47564840826,0.271486288706
9.95282694891,-3.05986512546
2.28326858315,0.617662197648
3.15832089502,0.802620967304
9.38878431271,-2.46681119088
-1.49833329705,2.81825653708
-1.25043452235,8.62191071937
-1.52502526363,2.25031106232
1.30436083153,4.36182963729
-1.67390952665,8.30553362631
0.652682055213,1.18766707497
-1.78239927191,2.65186041032
9.1408838292,-2.76151002218
-1.23458201559,8.17971090546
-0.644462338673,7.78812471566
-1.02100423272,3.95057878615
1.34280399867,4.33030384258
0.241679592616,4.27357695787
-1.13741767742,3.49120230341
-1.48085288215,2.81704069615
-0.667699831721,3.66662516733
9.16120318649,-2.45205778587
-1.68535981867,7.44663835312
0.263947799746,4.57845804805
-1.43560754322,3.47889507474
1.60332230094,0.448477382234
-0.795510007035,7.8466167123
0.958592810344,3.77814525346
1.78665482113,0.797332027601
-1.67664545728,2.82607871872
9.14673785461,-1.80046875022
1.08388558984,4.93284064494
2.10262198311,0.856416926293
0.743386509417,3.86331389074
-1.93073828986,3.5191880522
-1.07642387154,8.05607390418
-1.30440356384,3.26050828671
-1.09577140176,8.18556161016
0.741559223449,3.77067836176
9.38378372904,-3.21562707446
0.837214242475,3.5495856146
-0.571317122881,3.54646435077
1.07859682735,3.84625493557
2.0418322667,0.844486806973
2.26053638756,0.736753095552
-1.01436579842,3.36016081025
2.48465283284,1.1425287985
2.48751827244,0.999291875309
2.12568183706,0.800308869705
-0.768904655706,7.99617916323
-1.6050277193,3.32209054141
1.31619814159,4.69412066256
2.00190354084,1.11743042563
-1.43531114804,1.97988780042
0.180427775742,4.46375413418
8.93339602132,-2.26854673567
9.63829064826,-2.26395721293
1.89508934956,2.04076788928
8.8908877879,-2.09620757161
1.29200845136,1.22624624895
0.746926596758,4.10665389172
-1.38789565706,7.88259978556
0.883163424273,4.69986783788
1.0489717488,5.00731946271
-0.766473026051,8.61803928157
-1.12150222388,7.1488601353
1.44175452746,3.85549163928
-1.53002586176,3.77733301419
1.04599642011,4.47396046127
9.44839288832,-2.89049456095
1.39454737871,4.56578839358
1.04108968557,4.95821040558
-0.953778735345,7.63299611545
-1.75463846346,2.60808149891
-0.793104223698,7.42879909711
2.22443486303,0.486546130448
-1.29625100908,2.75627979355
-0.636983925204,7.86284538868
1.0066415943,4.3111394653
-0.632024806021,7.82324479684
1.92972579905,1.1360888625
-0.865811091036,7.61271644618
-2.25602735931,3.41566842412
0.809453277097,3.87826021945
-1.60749109556,2.21973374913
1.90286053798,1.81330680475
-1.61590836647,2.54088294461
-2.49355732843,2.45295811245
1.64878812357,3.37229406619
-1.07847539024,2.67122040083
-0.648611557701,3.47585550876
9.90672193311,-2.25157035583
-1.62140425582,3.39135132591
1.30638967811,0.8407074607
-1.70367328482,2.76655902474
-1.46860447898,2.28519707482
-0.737551585038,8.33178634701
8.83064540892,-2.58406679381
1.4411263179,0.887822200983
1.32342264941,0.836993556945
2.58767132223,1.22116738443
0.394484469171,4.42396021866
10.0247031657,-3.0560523122
2.11313578671,5.10025195214
-0.962827745074,7.87821121376
2.39364348589,1.1510090333
-0.956111037221,7.58921878084
-1.744798703,2.77031913599
1.6572677157,4.55269675634
1.72061504282,0.826108146738
9.54445357295,-2.26044431164
1.07779397306,4.50615777255
-0.96831936408,2.84772816774
1.98226922002,1.24390724012
1.57377229173,4.25821065865
-2.38452205688,2.6622436872
2.40320872653,4.38906216434
2.36107306103,0.706958948091
9.92514534509,-2.58166415247
-1.54672421704,3.79968516368
9.35493269284,-3.42890378309
9.35284737691,-2.63452460378
9.28404474412,-2.25582896045
-1.34496255872,3.14483687016
2.28269164379,1.05932578037
-1.35093283158,7.43480632608
2.85386387387,0.720744722299
9.48477518102,-2.44561641855
0.706875806931,3.80163368377
-1.95059956711,3.03250425285
-1.66314122144,8.63378536761
-1.57863680805,3.14101506237
0.70769173433,1.29408556242
2.04868522724,4.72880309659
-2.36980786129,3.62481638024
0.300191622325,3.50383719782
-0.782908354053,7.70385318494
-1.27874091716,2.55225004055
-1.50801537303,8.37416781925
-1.86135640623,2.7400323317
-1.2606268744,2.70358126499
1.14647448301,0.454769608915
9.1475978992,-2.41560422667
3.26152439978,0.80729982864
-1.70441594738,7.26054524811
0.796518015378,4.47031247698
-1.38410598406,3.19358861476
-2.03915406201,7.48305172305
9.50895097199,-2.26683117423
1.1034923146,1.53007810736
-0.860037429415,7.54406790408
-2.17046485656,3.51764466224
9.28724747935,-2.62574909048
10.3771035881,-3.17430507614
8.886938855,-1.8315922087
-1.52228799559,3.72853440521
9.19978692733,-2.53832321438
0.802178197464,4.07415559461
2.39450707904,0.497978964949
2.43551554278,0.593646437504
1.89786554038,1.80822603733
0.613738150154,3.8005469615
9.42293562628,-1.20797207038
-1.16865417402,7.345853472
9.55796170964,-2.03693118979
-2.08910634491,2.59847896628
-0.85780642664,6.82014746263
8.96617964045,-2.73007784964
9.89254642939,-2.52247301002
10.3826836337,-2.59512059785
-0.916870643083,7.66175850265
-0.704876201425,2.26260825941
-1.42659639439,1.94707189326
-1.2569099788,2.57210976765
9.1210483496,-2.4891114324
9.14203514572,-1.14764405267
0.0979582328798,4.00683604907
1.91070099976,0.677808860598
-2.25576206764,3.17556441908
-1.2584567979,7.14948219825
9.15869701161,-2.43990120287
2.29944237401,1.21983616198
1.30476656963,1.16228064687
2.06364983823,1.37210989864
-1.71311580829,2.42426602405
-0.99278734221,6.87729946345
9.11691967148,-2.73931304376
-1.42060254292,2.57922023338
1.4948192827,4.78961569386
2.16329313962,0.942735393579
0.840917334132,4.00651346016
-1.59223062311,2.67653262679
9.28544974943,-0.990180346193
2.80254092339,0.260192092846
9.2706545028,-2.36267068807
-0.0798328982271,8.01740532566
-1.14913321068,2.8396137927
1.07300459433,4.34753598185
0.663714541667,4.2364517843
1.94972540572,0.509153648334
-1.74110727473,7.94148940173
9.46899808619,-2.09496303321
-1.57427405841,7.47414718049
-0.999054237254,7.57109335534
2.42937549753,1.11725136714
1.15745156756,3.50463772747
-2.09675821786,2.8902096174
8.73990704371,-1.70081968302
9.12248188571,-2.39790128058
-1.09094630276,7.73060260983
1.16568330643,4.41475831127
-1.44787700757,7.53394953937
-1.01093093734,8.28847678141
0.572439661441,4.89439899266
1.3949539018,4.2248949464
9.86702560672,-2.38531572708
-1.31064658442,8.25126916786
1.70841458611,0.681283256545
2.23035980742,1.42463213902
-1.94118588108,3.33275292323
-1.81394916565,6.79207877111
-1.05495957214,7.22577246957
-1.18713165711,2.28944140443
-0.968351065603,7.65206875795
0.594525843284,4.15723606648
9.32485672317,-2.39301029015
1.62455115851,0.290872716333
9.73650838708,-2.50916815858
2.0737545232,1.16472332376
-1.84930388414,2.6900591714
-1.70936661894,3.11315479704
-0.970383528041,8.26846008719
-1.20023155292,7.4251134313
-0.790751070768,7.68664093153
-1.77604308869,3.0691965705
0.811995231101,3.49768993083
2.66188362262,1.30612811903
0.819917284922,4.04221651286
1.72743294142,4.43968247211
0.876155423937,3.91727336893
8.6676572398,-2.35029377289
-1.98100982727,2.30338353422
1.60287717888,0.943296875939
-0.793714923505,7.87402595705
1.79595870413,1.15623767272
-0.785021761542,7.88138692162
1.87511055468,0.235118342128
0.565500077097,4.80644465709
-1.53519708581,2.77240237502
1.10246884594,3.85688170253
-1.43322847537,8.17264481539
1.46448516789,1.5343570211
-1.03449362369,8.01812064973
0.807453876049,3.75199904115
1.74945065229,0.643720600581
1.18210710135,3.86971192127
-1.12518534443,2.7047604357
9.87839738865,-2.70534120315
2.65944742616,0.564692526104
-1.34348491738,7.95582775402
8.91942724248,-1.59686890739
9.70658704917,-2.36704672862
1.60687525263,4.1191155203
0.673662877047,4.14198840476
-1.51257455469,8.43165073781
2.25093110241,1.14070616717
-2.34405399325,3.25587708034
2.03351244073,0.62401809431
9.86081279311,-2.38759906351
-1.51422757029,3.80814997628
1.82008878405,1.36700357753
1.06305885854,3.78312955108
-2.02104809539,3.1484022884
0.469198464606,3.97498233866
-1.06690935366,2.73003900598
-1.39106277111,7.75539270989
0.911659298274,4.13187587542
-1.27320333504,8.19391234138
9.42380012096,-2.26011629388
0.44564900976,4.8894299597
1.36233584448,4.81728316744
9.22529919041,-2.30087106422
1.08193976522,5.26325636221
-1.23979319815,3.07089333055
-0.970308393715,8.95884769388
8.65537166118,-1.87436573129
2.31212235965,1.59192201217
0.945996054531,3.71050918611
-2.18044138908,7.90351641259
-1.35606905445,8.47456298136
1.54555510569,4.39896098318
9.00081722341,-1.5085627198
9.23535194451,-2.08155963524
-2.0924100709,3.34070873841
9.23547924675,-2.30605025623
9.12146731319,-2.27985674045
2.54950411476,0.83563602957
1.57317781761,3.86971443656
2.45418871414,0.77520436973
1.30026275711,3.80747953162
-1.02269354642,8.78586884627
1.2143404358,4.49397020722
-1.43717533046,3.79347488742
1.17600853328,4.45394077477
9.40582494532,-3.31472541039
1.99765965934,3.64932277388
0.567985814574,4.32716275556
-0.728493879184,8.13713627562
-1.55254458796,2.7395988112
0.526121421517,5.0570808956
0.916911190646,4.48593014287
-0.621478930006,7.21580165879
10.0120599489,-2.92755159945
1.19087434456,4.37058963907
-1.17978188924,6.96221998692
9.04634047207,-1.36020398012
8.73906359766,-2.03445890171
9.1979915537,-2.60298451202
0.720079654485,4.42524428717
2.37425433035,1.08793201854
0.573310126009,4.47789345149
8.89451103564,-2.12389045806
-1.11517392727,8.34419281649
1.15732381708,3.99562278653
-1.61853077172,3.11061377865
-0.0315517478513,4.48446190224
9.47305321968,-2.54319122703
-0.266536391724,8.03325760836
1.76932382405,1.28143705566
8.9969870216,-2.01363314782
0.589732503747,3.89926335704
0.998542820289,4.52601387677
1.83780522732,0.898820692032
8.74123114123,-2.30910178288
1.83107229307,0.703527206441
-0.997349880149,2.78621486811
2.08402080768,0.174369588283
8.69519841225,-2.35023141238
-1.1265710231,8.07359967585
9.39237896435,-1.86698446159
9.32219110307,-1.24025493373
-2.29564836956,3.65137427114
1.90904679019,0.577575798054
-1.72324485464,8.10348539462
2.08797257603,0.80503834859
-1.56923211589,3.09678660836
-0.727704324083,7.60497838049
-1.13947354501,7.77014169704
-1.83105527552,2.73193459857
-0.842402110855,8.57142659627
1.98593494214,1.43478891628
1.56988167288,3.9066988591
1.81667161074,4.71150742367
8.96198006858,-2.40140580994
0.685038434215,4.51629854499
-0.85318989855,8.33215831676
0.778634793736,4.3853896206
0.318490368829,3.99623943239
-0.344457074451,7.87856139684
-0.813251856968,7.94354085757
2.18968866843,1.30745421244
-1.32573952433,8.37968322603
-1.67585878475,3.12051223512
-1.87545202749,8.16787740865
9.20355974552,-2.44715746276
-1.88106874499,2.65473533995
1.28846799726,4.23197928028
9.24060938735,-2.05066165218
0.996861411332,4.21955459494
-1.19936456863,8.1362125595
1.57940437992,0.647470395592
1.45681618383,0.737691011364
-1.53035525953,8.46499061282
-1.56947019281,8.43555848861
-1.20904378727,8.3882858689
-1.12131734496,7.68330577127
0.795686066236,4.16129244467
2.06669104342,1.17233995388
1.36485392482,3.94164814416
-0.761512486056,7.88004077903
2.53298759795,0.364464309881
9.17046638269,-2.03516485227
8.89551739867,-1.58263010705
-1.47105078374,3.74456857087
-1.3932711561,7.17447037113
-0.782986588568,2.6031891879
2.0940471005,1.8835677659
0.867361155105,4.98700485411
1.85643061726,4.47932932266
-1.6003017183,7.97815419042
-0.41190548988,7.38125657132
2.1895709022,4.27052122762
-1.5662016974,2.66859812798
1.60231594228,-0.0668249694195
1.38797001052,0.308428194089
2.68595305864,0.968958890991
9.08476485971,-2.68456426192
-0.290477807604,7.66030165798
9.41263093124,-2.66302491073
9.9852770176,-2.50416676665
0.785171592452,3.93030325856
2.64416845999,0.886054308723
1.30492838422,4.80084764056
-0.74404690731,7.32701526241
1.27664329374,1.162597743
-1.49809312416,3.23516875701
-1.82737944913,2.91268227723
1.33236966118,0.279789568719
-1.9621465411,7.92459918296
-0.0900440288055,4.69261086267
9.11589424902,-2.6330109558
-1.80089844942,8.51579940298
-0.851789060608,8.15730383378
-1.58895887773,2.24272328706
-0.466637452101,7.6474345194
8.4776201188,-2.47669089647
-0.42107410468,7.39262280584
1.68078380607,0.975216272591
1.23007391933,3.72573879335
2.52552804041,1.16723144681
-1.47801232156,2.93774035579
2.05074210909,1.45476678112
-0.174726040192,7.30493511569
-1.87030612113,3.60119957793
9.21505181877,-2.28934215227
2.31226694139,0.653001346581
-2.01995606626,2.42607878849
2.03540464795,1.62597035584
-1.96163244649,3.8898881601
-1.36991948094,7.74073584858
9.58024583487,-2.33621599468
-0.691207991832,3.10448568131
-1.67226667288,7.62624259367
1.8601680717,0.914761865992
0.375853766415,3.69776444984
0.77318371185,4.42334691618
1.27614246546,4.09646342312
8.73347213358,-2.36673522832
-0.949349246902,3.18695818246
9.80792280706,-2.10998697068
-1.02235907601,8.14700799413
9.13064483346,-3.04525896472
1.7860998178,0.213645981602
1.70551490246,0.762662050316
-0.970981936818,2.80817055262
8.58701756512,-2.25209881243
-1.0283450087,7.78687714123
0.951010219345,4.30316405822
2.33582164567,1.29846591658
1.12478588008,5.30546227673
-1.32179407323,8.20605998698
1.78353972267,0.380364331472
1.94357861924,4.2631775951
-1.94108744768,2.84575346214
2.27740736082,1.11682055663
1.67318472872,1.63093867939
-1.51412021313,2.7387545949
-1.04276666722,8.51476964671
0.731982414339,4.49100984827
9.71509699614,-2.31352697891
-1.44490924552,8.14963639807
-2.02992807425,7.29975493611
-1.46205609492,3.02293839718
0.916473818632,4.16978143172
9.66778202668,-3.00840471332
-0.825778385436,8.03663438419
1.09733091148,4.54000036609
-1.96710329051,2.23253220005
-1.94310589612,3.06616736031
-1.99092605279,6.69313000892
-1.69848445464,2.35585524145
9.06122428074,-2.48420766162
0.693630676708,4.08732512414
2.29756417159,1.11516749324
9.46692358364,-2.75956587825
-0.524877020617,7.02437546682
-1.12572211923,3.27093216178
-1.43249089432,2.62193615961
-1.26230633439,7.77534213575
1.99116598048,0.308720078531
-1.19967532171,2.90037487333
0.391861053573,4.87802123315
-1.14557025326,2.82845833049
1.70928539958,0.371570573643
-2.18858479403,3.37257466024
-0.967781752454,2.37148448472
0.637103068765,4.3657477491
-1.68634371682,8.77066349891
-1.7537634493,3.49322039638
1.59030941019,3.9935351944
-1.39728828232,7.57818645058
-1.77051582802,2.95906713738
-1.10065309114,2.90469977972
1.68906000398,0.245560735106
-0.942800592351,8.35458812985
1.44094422668,1.77385804921
8.95006083964,-2.61618883657
1.85332236554,0.112779169489
1.40064081784,3.07093260221
1.00620282862,4.43989968143
-1.20839468592,8.82987253082
2.09422995251,1.5363284306
0.835880829984,3.92565664948
-1.24385419887,3.05919749097
2.11908050905,1.72270957275
8.94559633753,-1.99704531325
-0.902220291538,8.10838396648
-1.10141155797,2.82725921686
0.929315507374,3.85918645333
-1.12626483275,8.34686144781
-0.861484313614,7.50175982807
2.26292851628,0.876747139723
10.0523333308,-2.16948245202
-1.32232340414,8.02203609878
-0.230246692298,2.65064439941
-1.80470806917,3.15255466992
-2.26161665799,3.24805783087
9.46942019425,-2.73070320198
0.679244734486,4.38290585643
2.10052906536,1.14028623329
1.3759197987,0.772837533654
1.1680865074,4.60839594321
0.192209789532,3.7173280881
0.459909184961,4.10676830731
2.72431963477,0.916914533886
-0.891015521633,3.59602342268
-1.74254336069,8.14583440352
1.14166528176,4.38942752837
2.06729979364,0.98021627405
1.98264943011,1.70516562229
2.42668502587,0.76341823389
1.55264022225,0.881780127117
1.60255093537,0.527966238417
9.60617903305,-1.87474852504
1.65215042925,1.14441131866
-1.05285612634,2.66434881293
0.87609752212,3.89290167933
-2.24339879596,2.93326765667
-1.57372597802,3.31443348724
-1.17705874301,2.92469831487
-1.80826467837,2.58646123416
-1.80742889705,7.82299570917
-0.561417744817,8.47602378097
0.619741080734,4.06456466884
-0.949739649768,7.36841342812
-1.35656499345,8.11374978463
9.07720609671,-2.66139844801
9.19669191082,-2.22826435645
1.57252640235,4.39618698115
-1.10485289579,2.53392494341
-1.75357326004,2.65372493151
8.80642410989,-1.72388084009
2.08565010716,1.24758552199
9.69772839182,-2.19595435612
9.06606495398,-2.54522636843
-1.70391944115,7.94570335883
1.07699968204,4.45211766941
-0.05360893946,4.41695531421
8.2151651891,-2.05344186254
2.42132103173,1.11064442765
-0.778235522223,8.57046709323
3.02417142809,1.1084008684
2.14199556986,1.21106106296
1.89172052038,1.248236709
2.43800632902,0.520057774168
2.18342329104,0.75844374314
9.21302836119,-2.88536785688
9.38012687657,-2.57090944845
1.22315869416,1.53214212222
-2.29816593852,3.10016838427
9.08570776857,-2.24890862412
-1.90345098242,3.64361012897
8.91992397367,-3.00912621826
9.38173775689,-2.61253867006
-1.38950967347,3.37875648108
-1.85863733953,2.61263383429
-1.2256774011,3.25025542438
-0.618992338823,8.77578472084
-2.15160908762,1.75904107929
-1.44703234524,7.91840169355
-1.89850472668,2.95821119736
-1.17537874344,2.52382543908
-2.58604219308,2.4655672674
0.608398184619,3.67318104558
2.53182978593,0.437509683871
8.92910332282,-2.07736894421
1.36545304739,0.127277086096
1.76593887242,0.965215512091
-1.12807207564,2.89301571325
-1.4868197221,2.85976319423
2.19527352218,0.41240116907
-0.936952736916,8.08943470974
8.7466376916,-2.05237535257
8.75462121917,-2.08620962153
-1.50660316151,4.46027460748
8.66369213165,-2.61684957079
8.56294882938,-2.77701308629
-0.861556932059,7.9631011624
-1.70515945221,3.9323099258
1.92026452488,1.29164277885
-0.477529555843,7.52617635549
2.54151237859,0.174209199369
0.526173172221,3.6086403339
0.721372144367,4.16532625263
1.3419733975,4.56805404818
-1.85392442491,2.82015885926
-1.61091492817,2.4032436332
1.29370082457,1.22586951576
2.52964758046,1.32553882359
1.83489126137,0.771980158763
10.2767434707,-2.41649791724
1.7587627834,4.75126480354
-1.85778708645,2.63258736464
2.24542868896,1.14402991739
-1.18073481552,7.17519781595
-1.77476375479,3.27430093562
-1.71975713912,6.88767127024
9.29233267418,-2.22731493949
2.05869539568,1.2967527689
9.62015365771,-2.80133783771
9.72480968913,-2.35861549762
1.69301691803,4.18742964319
-1.21251140778,3.15261361359
-0.910538632982,7.4914791026
-1.27990860382,8.19446773966
0.64346673017,4.99814389538
9.13922468463,-2.77317550965
9.64991620336,-2.19928034882
9.29201009172,-1.98308679332
-0.966228197648,2.27139396223
-1.48165012183,2.48815802041
-2.14792619114,7.75519301872
1.28746251653,4.61642444209
-0.087608139167,4.31293770922
-1.94696201822,8.78502910154
2.38485832582,0.728813579596
2.02661985148,0.186694921586
2.07329967688,0.750173947155
2.25454827262,0.995942342846
-1.24940646759,8.07291623038
1.8079931756,0.403306832538
1.13294623441,4.6022534678
-1.4656899654,2.54064224127
-2.03050511542,8.15367065059
-0.618602308638,7.73370433878
-1.56360084423,2.66900440135
1.63623050055,4.68743570021
-0.892977378864,7.90573879141
2.01071378136,0.424869433474
9.19799342452,-2.66790397597
-1.24143001029,3.65105635781
9.44198301503,-2.32571641129
2.59970007832,0.264916512812
-1.45792420211,3.23024018
9.62789677533,-2.46560391648
-1.0684923239,7.61554739348
8.92890361837,-2.36610750723
-0.886183198894,7.95013457105
9.49034512533,-2.92327199553
-0.937315580482,2.95902883627
9.0250457006,-2.57377336917
9.20630202979,-2.49144862974
-0.601182322901,8.3577381806
8.85413998833,-1.62594729169
-1.51098415454,7.37479436206
-1.48854035467,2.96262215535
9.75754535561,-2.96087981034
8.52105148538,-2.0962641698
-1.30250942268,2.66692290432
1.43996729888,3.38249170157
0.793433669846,3.91496708145
9.03361185247,-2.09408692426
9.68378212243,-1.77332329967
-0.448446575762,7.8840809737
-0.940681756207,7.83685970391
-1.72428392099,7.6243099913
2.57063549929,1.05358615884
2.78339194248,0.52667955534
9.6730426711,-2.83126511362
0.404551829228,4.74001584612
-1.36090409481,2.78903903497
8.61481266119,-1.81880040842
0.7059741776,5.00229675847
8.63953434327,-2.26545008905
-1.15835269511,8.25906657357
8.87734038145,-1.33450086003
2.07277643907,1.17961757277
9.19868546492,-1.91610983431
-1.05531003657,2.90266012638
2.28010865123,0.349255936448
1.69530639102,0.798629559019
-1.58098620055,7.60469457832
-0.479784583702,7.70015126395
-1.25439791511,7.79120454505
-0.929713303334,7.82559995938
-1.68346295672,7.38071422169
2.28769587136,1.08184640843
0.369484189056,4.87302982588
-0.912189549964,7.5486123741
1.70733089183,0.227193806238
-0.259105151463,8.03631006183
-0.98350535035,3.15970334834
-2.12114041929,3.14247018539
1.3301176615,4.09389873392
-0.832405961653,8.25560726043
9.17988250042,-2.20012249039
2.01890229561,0.580927093742
-1.57842318374,3.0311158733
2.36481414746,0.920099429908
-1.58476841086,3.12282125725
-1.89574014893,8.19604547388
-1.68102549883,2.46813875388
-1.23616042601,7.34689342417
2.06145434073,0.0675481363053
1.79613187258,4.26974461568
-1.48312320246,7.11897225405
9.02371979783,-2.90531974761
2.29751584291,0.833563222059
2.52330633171,0.971753374225
-1.6191362615,2.83957918445
-0.162699291065,7.62971247703
8.97416555748,-1.30964316688
9.52809619246,-3.07916859819
-1.18348401928,7.40898407267
-1.47656143462,2.61381584682
1.849329254,1.06497864661
0.999199503202,3.49638415528
-1.05197158184,8.54261838873
1.97075980654,1.11678544716
-1.08125874843,3.64977643228
1.34732082735,4.54281759239
-1.00958084341,8.09104472608
2.65664130348,0.843645154995
-1.23448067762,3.11353722379
9.2423263604,-2.43526330855
2.36987879061,0.763221839681
10.0272310004,-2.46175788245
1.52990088487,4.8448582594
9.41147952062,-1.5110929934
2.14221362039,1.48146760003
-0.990967378701,7.8148160185
2.16606776401,0.484570722236
1.37002188071,1.1482975142
-1.67749320754,7.45313370576
1.21940004922,1.06983282146
8.42561468997,-2.31358789525
1.82535073988,1.24629140352
8.35827601286,-2.27580018168
1.11047725694,4.90066098096
9.23124989053,-1.92732947923
0.795714459086,3.94375021321
-1.37968305017,8.73439184631
