0.68543411048,0.573994618846
1.52921570379,1.12004716251
3.85126135164,4.36497331412
1.63503730645,0.516736478965
3.78073792421,3.50748903136
4.27642251934,4.13824434314
1.67779268521,0.987322854502
0.328118782401,1.12044971653
3.10161614193,4.26428126832
3.96152740779,3.91846853005
1.34625520915,1.05175132495
0.972885397817,1.41027917194
4.43674238555,4.01664766763
1.25248937922,0.925162425952
3.88062637042,4.23477366425
1.36908720422,1.36071395464
0.770289341657,1.16673608922
3.66491513388,3.98941097812
3.74811026585,3.5895264714
3.76816843511,4.26461697981
4.10671105472,3.85681411888
3.59045113683,4.58412959285
0.605227776847,0.861524618556
3.49464482337,4.24196913037
0.959215089797,1.34106740878
1.08901995175,1.24899584772
1.10934437477,1.44139658684
0.414458769556,0.802032481081
1.24016944103,1.02347805255
0.51027300938,0.979859753616
1.52649584612,0.960103473307
4.3003993052,4.17916375132
4.02478330965,3.75353964489
4.00655720747,4.01276172221
0.843526096602,0.644594022877
1.0091805473,0.979107526466
3.94512850574,4.26887452761
3.91329843671,3.40040815732
1.32055281979,0.863984258845
3.5874446562,4.15029766965
4.05781869895,4.20893160202
3.99698305844,4.37140208079
0.495634535352,0.733308592571
0.289123928432,1.25921569015
3.82477193596,4.10053168606
4.0041245462,3.44658965091
3.85502513726,4.00077135473
0.809703371896,0.891177650204
0.981512079371,0.967808417113
4.05743526161,4.26415335975
4.21949767811,3.98035348746
1.15698299816,0.948536100633
0.313413987996,1.07544532451
0.643342222665,0.84795509371
4.23120191634,3.96086807987
3.70864880055,4.42789505824
3.89779229684,3.62104812637
3.49228886876,4.21880390388
1.13722468187,0.71061639588
4.24979522184,4.09811986274
0.865550391196,0.805198621681
3.89506534597,4.60704158493
0.612142927083,1.0801152608
1.22415650026,0.643316513439
1.42689504895,1.11882597549
4.95129243199,4.05684989126
1.32345919111,0.232244600097
4.26555626236,4.44212944454
0.987348564613,0.913933842283
1.01158916555,0.502985469303
1.52166180324,1.29831831739
4.02024767717,4.00490142523
0.979527518403,1.51400281649
1.06715306899,1.09888689464
0.646711311255,0.65794110972
1.22831131754,1.03650250495
0.952699895151,1.67701704919
4.2534986809,3.79732185171
0.988215154532,0.649571950678
0.991545331498,1.12849956116
0.964550786461,0.795946538801
0.772638741872,0.984974771715
4.16778969442,3.68089132269
0.888788799034,0.716315261333
4.48008034562,3.94334956593
0.850295008602,1.00640536715
4.397307625,3.94833976219
1.05500175978,1.50128290984
3.9531928327,4.31472795638
1.12787761923,1.20307241051
3.66933094273,3.99263517291
3.16679225637,4.34552019243
1.0152862831,0.461731218553
1.56026768813,1.27181339748
1.24609653918,1.4079845625
1.18756943531,0.519382703318
3.90821422747,3.86845766259
3.78401784036,3.73192767931
0.969490817634,1.00578381535
1.35640893771,1.09508278358
3.79612208724,3.8307046271
0.881431305204,0.65217384508
0.686423990156,1.3633435869
0.995542688994,1.24642178111
3.93751446907,4.47231137124
0.889245448617,0.928186246727
3.90985636432,3.89349138068
4.20326711008,4.39215515352
1.43997361467,1.25576558184
0.537760895667,1.01897859826
3.75034418975,4.05170174177
1.08947145226,1.39791576901
3.98191373991,4.08342431439
1.1842238111,1.27666200147
4.12534017496,3.62793509908
4.01167261176,4.18796927522
0.799683914092,1.09808877862
0.549281029185,0.46669991358
0.820403818923,0.665230904212
1.25933085966,0.777350493878
4.12422740614,3.84782966143
3.98549661287,3.81756962291
0.781286602362,1.05896722022
0.960967913742,1.02818596882
4.00992692534,3.74375162176
1.35441358039,0.810428872598
1.19203945783,0.514913186707
1.44647565814,1.56876675281
4.75791047211,4.53097641646
1.23153716536,1.24705124619
0.655759404277,0.868653986577
1.28227528437,1.1215612241
3.89293854159,4.16369719704
3.45099143487,3.7912494642
1.27955451223,1.10198949514
4.78617215381,3.77575804658
3.97446531924,3.83070969001
0.884536057246,1.0283054768
4.31202587352,4.04939314286
1.71494343246,1.2833438461
4.15161608157,4.10777474695
4.13684591075,3.89272629041
4.01354975678,4.55780390016
0.792385045665,1.46091311627
3.63613965514,4.08513086632
4.29727275211,3.94398726646
3.80778228274,3.65970652188
1.08397737971,0.970554883107
3.89096866597,4.23371536604
0.741632294484,1.57301948593
0.829206383959,1.08097130648
1.06767449907,1.4167435947
0.599722458579,0.595984748261
0.869453934484,1.55477911854
4.02951337204,4.11442487626
4.06218122409,4.0923197724
3.86536989607,3.47674367303
1.24647571361,1.00158779389
0.837141557195,1.12481501388
1.20813194581,0.952127968556
0.893801826624,0.587514611975
0.572781727305,0.852004034991
3.55292038363,4.44884189109
4.42947032723,4.43866425123
1.1481225332,0.96516881829
0.979817317323,0.604481239107
4.09582955,3.95866623571
4.22934923591,3.91948817944
1.04917857174,1.02889640678
0.965567402569,1.09262537255
3.71285257052,4.30419164623
4.18124102213,3.51112491918
0.856103255798,1.1861074895
3.63887944234,4.12511305089
3.65619987205,4.0141198284
1.20746162532,1.2084247431
0.745503843158,0.902299159354
0.811573732108,0.855691864462
0.937928897151,1.26405367362
0.880165291221,1.11101676635
0.39873528535,1.11306295626
3.94796083088,3.84699113807
3.97806410622,3.61078610321
4.13991387231,3.97168224808
1.15217168533,0.965131089884
3.72410479298,4.7928807163
3.74192126441,4.0984903885
4.06515388979,4.02346335433
3.58587077431,3.8392256315
0.592065782349,0.987579756533
0.658059263372,1.23548725637
4.27516646263,3.9828871397
3.76590867805,4.08133383893
0.819802732703,1.46567295401
4.53239756829,3.88205404157
0.896125165706,0.761609103679
0.452723003219,1.09108117134
1.34569946943,1.32388557761
3.8597520479,3.74125201008
3.95133446573,4.23082905345
4.16996359475,4.0438913338
1.35363387135,0.946022549256
3.81884813416,3.65513378102
4.28816716734,4.06775214358
4.00832863949,3.87233733617
1.00315000622,1.53576114817
0.716689452753,1.07143094435
4.39454129972,3.90296275825
0.566039590131,1.2400893848
0.720177726762,0.621079495269
1.39574106289,0.735274354435
1.23589838863,0.860074270979
0.39507801166,0.838163609988
1.0148484945,1.14815103288
3.95201806367,3.75041275203
4.07402980719,4.45778726827
1.14306951068,1.04453487441
4.33518503971,3.53082860955
0.878217481843,1.21731055146
1.19991492461,0.861784063783
1.60421804648,0.907970267192
0.488118942812,1.58523261857
1.44822372195,0.93845252087
0.57821112512,0.822982706239
3.83035065809,4.14280941503
4.0055882112,4.31629749247
3.26873069224,4.33447736785
3.69555222768,3.81930044393
0.652793422243,0.906312324662
4.00916397431,3.98893494075
0.891520215766,1.31937554084
3.65829754206,3.63567958511
4.06466591614,4.17040220777
4.0022852495,4.26605940597
0.646252620809,1.3904284215
3.57316152741,4.57669742663
4.00825291061,4.66960491686
3.51806809317,3.58808393919
0.879046915908,1.36673352111
1.18153602522,1.26866679567
3.96903617456,3.6845828804
4.12535611097,3.98799438239
1.0726353883,0.733383922794
4.26199355082,4.35992085292
3.60614509764,4.42446224078
3.87961065846,3.90500341148
3.9638780084,3.55620520601
4.23250697897,4.12985128645
3.56442834117,4.11466083634
1.69117500931,0.681995253184
0.718635930655,1.12993238595
0.895626355202,1.04690469073
4.18703608283,4.26720150443
4.04694287708,3.93509680651
3.97029750661,3.68480384902
0.653145270453,1.23435943051
3.69870318634,3.70054248153
4.06841599754,4.06044398401
4.0667389492,3.97348734304
1.15716730715,1.02652662611
4.05934845035,4.02932524073
4.28025392455,3.58254841918
4.28625687427,4.16324342571
0.748696587428,0.822645068871
0.473232824969,1.13528033854
3.98821960269,3.71532015675
3.7095753647,4.14312042771
3.84040185718,3.71312247327
3.95102351535,3.97406341519
3.80201718847,4.06390515023
1.23180845113,0.501520512666
4.4754461582,4.1943903373
1.27885153344,1.17466737742
0.718305528197,1.30510629742
4.07584105163,3.87759558729
1.17696394622,0.890842357009
1.40935955443,0.793165244635
3.59547607367,4.37949499896
3.76528990993,4.18753559693
0.90673414849,1.02922004988
4.10146764211,4.19553437851
3.73625181135,3.93066951772
4.15387505405,3.23762835769
0.805845570446,1.14167414503
1.49444047966,1.04926832665
4.03017436262,4.16174838223
4.03957352674,3.40583032268
0.573424038508,1.59938682393
1.41129670189,0.847047027358
0.933218295716,0.726076234587
0.804311920019,0.84364320631
0.610393983351,1.3828226038
0.290747854858,1.00610025451
3.94487328093,4.24738546589
4.26070190285,4.05525437941
0.788523594248,1.20399245327
0.742308283467,0.73031735306
3.87904350795,4.28482165714
0.694587437414,0.976643573218
1.20694544936,1.39055386887
4.38022349645,4.14984947004
0.969034344462,1.12317955058
1.03807362781,1.12059680903
0.994893875842,1.11374552067
4.24761166963,3.9105030493
1.03454436194,0.886255731136
3.81249178279,3.8828821918
1.45983376431,1.44080763097
3.36364706653,3.44834601887
4.01655140643,4.08969323684
4.38092942509,3.78704374536
4.57151909217,3.9955668341
0.797700201803,1.00954916748
0.760173280137,1.07223625292
0.796592265531,1.3893537372
1.01193002038,0.529901586742
0.996656316447,1.00344966996
1.27305367243,1.09516546456
3.84139880232,3.96759884897
4.12677411168,4.16424417163
3.50074810445,3.96202920051
4.37732326525,3.37400950617
0.93913094777,0.967035166207
4.09915982297,3.95641766284
3.73108908323,3.41118039726
4.04819835695,3.71420651416
4.26301803211,3.45192658651
1.08673615158,1.12386124613
1.11292765935,0.670179762825
4.18244692828,4.33448869688
1.02931749031,1.17488610393
1.39750421587,1.06159976913
1.05000204861,1.19050943107
4.12026570373,3.99710282904
1.33008530147,1.3894065917
3.77129153898,3.56591789957
3.9020317067,3.99753703532
3.56607368081,3.86429491733
4.43000575086,4.12551940339
0.927394051039,1.45547835111
1.30653717568,0.834237797975
0.921506366287,0.945326564863
3.85308249329,3.91621099922
0.882283300555,0.08615708356
1.56494520912,0.595672281657
3.34632054394,3.81110487192
1.3035527299,0.802614686572
4.08925430619,4.01320668285
4.34450517421,3.72674488671
1.17018708336,0.933197469845
1.56026739704,0.706816636037
1.08590310667,1.18265315034
1.33857821935,1.1488002839
3.99104316351,3.96454876469
3.89986271189,3.99396126884
4.37817065351,3.96988194898
3.75738474041,3.66876280426
3.68782023097,3.90531906298
4.12199712624,4.3605093567
1.15631946294,0.827263609056
4.03382138237,4.19718030709
0.616093248039,0.824370638717
3.94907251183,3.95976016517
4.12116880625,4.58101373872
3.89839534437,4.61042876321
4.2255839763,4.16889691558
0.71184868551,0.762064791188
4.29509085874,3.97431551373
1.13445858533,1.50885447185
4.42085342203,4.10075341642
0.960135826724,0.910662736179
3.84133904393,4.0521135559
4.40278660315,3.77801924411
0.884606373057,0.866849172053
3.91863779803,3.60484756336
4.16278323505,4.21478166803
4.46838387969,3.71791892921
3.52465793105,4.25333629198
4.0826999648,3.7874844843
4.64593593777,4.14049147231
1.74916011748,0.326403505489
3.75541730166,4.54036419724
4.05785918667,3.65289481576
3.98520277896,4.07171008037
4.06820378504,4.48427486418
1.06585286674,1.11791888019
1.13984992781,0.888927267789
4.00525468398,4.09708772938
3.46085061538,3.75932404848
4.13719289402,4.28870252344
3.68706115059,3.7428765434
4.13988701307,4.5144494826
4.15069847202,3.74131990007
1.15868308552,1.07384433661
0.689727147465,1.20447835548
3.82055486425,3.54398821444
0.733664275711,0.405761059533
4.17907194437,3.70381399196
4.33519159466,3.84432993867
1.08235490732,0.732725475101
3.98147700956,3.8659491239
4.49455120308,3.53499574319
3.85592738748,3.84302471698
0.912448791176,0.771552336457
0.804277425284,0.882713987444
4.28801432234,3.87505027527
0.833707112029,0.858808702554
4.36641548784,3.94214745144
3.69990089531,4.5021957121
4.06295484338,3.62781262013
4.31350701265,4.17971185791
3.91695310157,4.33717159168
3.52256563736,4.00096666493
1.19299433952,0.52881297741
3.74826117915,4.29703641516
4.04777514051,3.41243531346
1.20953714473,1.00113126673
0.890591936682,1.04701115658
4.41775553483,4.31127570012
1.77832737633,0.878790311845
3.60989595033,3.75884487879
3.76771147585,3.91918306646
0.867723210312,0.915893351445
4.73536891572,3.93663820491
0.788589917243,1.28297821749
3.59057253098,3.99343902736
4.089614098,4.27319370167
0.98275914446,0.882634884348
4.45927970531,4.02773432064
4.20636441735,4.01495717998
3.58808723471,3.67967739669
4.2032386508,4.01554611684
0.765211253252,0.966883210292
0.724265966539,1.05782615472
1.10690991915,1.21197195046
0.776573553385,0.752068438402
0.23410305525,1.19608557863
4.16678880391,4.2677421662
1.30913148022,0.385802916083
1.04695196139,1.06965431086
1.11026346881,1.05709346728
4.15385093728,3.90210446135
4.05969684832,4.59661957558
4.5136915664,3.76236549383
1.13613457379,0.451077876699
3.86377589125,4.02578559203
1.28102273906,1.42369831181
0.708668628867,1.09444516135
0.868243143459,1.05440152877
3.89166605958,4.1826887025
0.744224245849,1.00688792668
3.45755682205,4.12340027287
3.53552370315,4.1595923917
3.50523490767,4.41956862764
1.08135105539,0.759550934382
0.661952257373,0.780796674141
3.88355374226,3.9820215992
1.28417559033,0.953496972073
1.05979005907,0.984818937712
1.45399842477,1.16593961926
0.959889532099,1.32332314179
0.919598988715,1.24073691874
0.634618446522,0.908510908644
4.0717436742,4.41936887833
0.917298839632,0.787081610246
4.40441073413,4.2723096394
0.863340248945,1.00524374771
0.960683796538,1.33992396387
1.26274982848,0.965467759454
4.07399468658,4.18239775282
3.939893956,3.48578616519
4.25773125784,3.75711202719
4.01232466784,4.17803977588
4.25515920506,3.74826274282
4.0080215148,4.05503507607
4.21123330664,3.55129614512
0.906407167625,0.747912881356
4.08580375809,4.29357018923
3.75592120087,3.84350754701
3.50835780786,3.78000615772
1.28274043577,0.919721576129
3.52525165661,4.67308056837
0.919679938932,0.661596600559
4.27396057728,4.66339129997
0.907296109286,0.497198858101
1.20712870731,1.23900163251
4.29559525268,4.2300759009
3.64150395842,3.84987709981
4.13416362624,3.815163663
1.0939203105,0.743771278209
3.85976769711,3.74195398452
1.30868064778,0.978313897732
4.00305565561,4.6594889016
4.36295503792,3.57816856858
3.69055526191,3.57100262239
0.836286407795,0.434624246506
3.87953273665,3.8594571866
0.927598662564,0.736542897157
0.704346778695,0.558449497761
3.89321455209,4.76206948623
0.89576480425,0.825619456942
0.840253024237,1.19351658204
3.99526623486,3.8524809676
3.81233288947,4.29764104856
0.983394235593,0.920818795422
1.1188020138,0.672081547381
0.771365646423,0.733665959009
3.74342786282,4.37716589525
4.07196013177,4.04768760224
4.23318308913,3.91268756102
4.16097895617,4.12140863668
0.758312047738,0.664506422704
0.202248328601,1.18189585731
4.11529702156,4.30291355644
0.699935395783,0.536568670967
0.847104345475,0.868577709517
3.84321417508,4.31289327839
0.69795047431,1.50447301488
0.942803951926,0.88154514579
1.07187482796,0.889059650109
1.2016884271,1.12223855087
3.93791658683,3.79657136176
4.45562780109,3.64865186156
4.00563753753,3.82186676567
4.12627548525,4.07398065588
4.4854162807,3.7526772636
4.06152598757,4.34846014107
3.81621227834,3.75315150271
4.64487236046,3.9729268451
0.769025177666,1.16177475739
4.05691078362,4.51077104567
1.25905589751,0.758573877809
0.968696952552,0.703599417252
1.26857808187,1.41248921992
0.323330731179,0.693247946909
0.860921207606,1.14444444213
1.20981414508,0.681633313766
0.846758458729,0.645810344763
3.8559252895,4.28083226503
4.02057976824,3.91831716966
4.03147214953,4.04017387678
1.14960708247,1.31439164679
3.70279872081,3.69919942379
0.731360031642,1.11607074936
3.89674106306,3.92418679839
4.41716019012,3.50759541735
4.13787547145,4.08401735801
1.06768259634,1.13491363007
3.80711423399,4.0450345681
3.87962958703,3.75997525717
0.477293140657,0.609027173766
1.114819729,0.98972731584
1.1389390988,1.08372872932
3.88895075065,3.71222338221
4.10445077057,4.1989774269
4.02976145876,4.47288969179
0.934137691501,0.674789013798
0.727371026212,0.872704713707
1.14051557028,1.52076369931
4.4204570248,4.04753015404
4.06448967719,4.0291657696
4.00567663116,3.97538975406
4.13285383412,4.06551912194
3.74944219294,3.71597787671
1.22999895449,1.10688784524
3.87475679503,3.67075100357
4.14961808749,3.77862046593
3.83515043611,3.67042878173
0.416289075051,0.726164951759
1.0063186064,1.02983633711
0.844744287247,0.706351042192
0.848392504821,0.755262537402
1.10642730793,1.18506596632
0.791629642081,0.955109637902
1.27912254883,0.947405079302
4.12923134048,3.95503252248
3.89749657072,4.00728727424
3.432291432,3.94665605689
0.992973068494,1.32375841843
0.51094049591,1.13883467666
1.05322784268,0.879465719138
3.99144133905,3.90258092048
3.77773998874,3.81751265498
1.13315896982,1.10010229821
3.87067109875,4.17182541006
0.944483898697,0.757705453715
3.85920677912,4.26270870363
1.64897078478,1.40095838483
4.18081229693,3.82160506908
3.91250740409,3.47769315749
4.0442303205,3.70676053683
3.9025195125,3.78660809208
4.01143821523,4.15381525704
4.26433932913,4.30989675836
1.41557846402,0.909070523973
0.847744719503,0.684435969234
0.778131101083,1.46290437862
3.39643590423,4.17691108167
1.26068904607,1.08306157175
4.31770817633,3.69323068262
4.26594746181,3.91836047319
1.16299356742,1.1317128873
0.519449185308,0.733845717446
1.01372755519,0.943844844992
4.14809322626,4.14610459779
3.87631847362,3.87896224497
1.6809263872,0.56369029762
1.32441281034,0.810587203465
4.02625944128,4.2816240627
4.16223207559,3.45457671088
1.32989787877,1.19657911922
0.691019415007,0.895016990623
1.13574672779,1.02936884362
3.60468479706,4.16230246599
4.06457214029,3.6980903435
4.04254199175,4.55003060854
1.28820801954,1.39871885396
3.73125527188,4.16449843915
3.62206379698,4.00858615126
4.16149888098,3.95726637475
0.763399223647,1.32839151241
0.850590264792,1.57885961615
4.1662382735,3.79896223068
4.38394360619,3.73421005539
3.70199158737,4.61262164495
4.23224818295,3.76766230937
4.33110818724,4.12015920538
1.29362139523,1.67226795976
0.668684998171,1.01564952378
0.754752070715,0.579595812088
0.655716716547,0.892565777356
1.0826802022,1.43051481604
3.36548319544,4.42160963162
3.98138406226,4.37775013888
1.21693014812,1.00738363757
0.716666123225,0.876985092039
1.2829138262,0.178096849843
0.80691447915,0.332979054333
0.821105788465,0.984229811119
0.552622722188,1.13181751038
3.70693138398,3.82312602324
3.95537015433,4.02880126149
4.24275408906,3.64057213594
0.794796730679,1.49786523886
3.66861502074,3.99071912282
0.983160093865,0.999584487179
3.95719368638,3.63170907388
3.69818894262,3.75353505232
1.33799077663,0.676020547491
4.06727566629,3.49639349115
3.98189125168,3.78668782096
0.608041944479,1.49743920389
4.52218883377,3.91195448353
3.70034536117,3.77795896278
3.92321269924,3.89558608611
0.758977100748,0.793135066675
0.890334673004,1.28142776227
0.756056115387,0.4821152193
3.98150858435,3.57017935302
4.27713896809,3.9602295956
4.31625337268,4.2852501091
0.808768892334,0.880818455701
4.49818226797,3.57501895527
3.76002591306,3.93397726605
1.20117113509,0.787748290747
0.859946336184,0.574928166062
0.878109060866,0.740786502669
4.1929163636,4.17646747874
0.561480193522,0.794968069963
4.11672819066,4.35131231939
1.04321307135,1.43628205209
1.44680678862,1.15639112448
4.01143540005,3.82632455802
0.683611460804,1.2460743512
0.720953049243,0.946423272374
1.36746116926,1.0194568319
3.75586165503,3.56526471678
3.90976483706,3.80181742181
1.08413251159,0.702062916721
3.65742957424,3.60670888887
3.50847291228,3.4670834151
0.986288811802,1.06615229673
4.00044130007,3.76998854364
3.68275790566,3.83320449044
0.802622172239,1.29066479157
0.588772005237,1.25969587684
0.600336503622,0.409412593064
1.06404401467,0.63742790388
1.42040344939,0.876885461903
4.03376725927,3.80333649115
4.03947219037,3.57833198578
1.06248249342,1.29299171095
0.893970475373,0.515057743405
3.98646600889,4.02373651718
1.01354020463,1.70188744181
3.70506454488,3.73050340857
0.970464242672,0.800956514091
0.840189162406,1.32722492033
1.10975463638,1.38934758009
4.24535854936,4.07146005761
1.2587788034,0.203314272108
1.3289040537,0.929735259597
1.05852090915,0.465531143288
1.51981635608,1.20535033206
0.730779721929,1.39374111014
4.38884496026,4.18493779379
4.17981081176,3.92310493189
1.20293821971,0.885397313327
4.08070722195,4.15747535909
0.632369344351,1.25330889292
3.87086142643,4.34481381501
1.39793849271,0.710618072738
1.37952335143,1.06344910382
4.26381698257,4.19062735797
1.09917302688,1.28477394207
3.69646777477,4.02549044111
1.01547248283,1.26018298864
1.28502652526,0.954592837511
4.13410724707,4.03171599864
1.01110171657,1.23037072232
1.47783122633,0.922428210497
3.68634263288,3.67454318216
1.12070249235,0.794556972718
1.28482624208,1.02626537242
3.46076325869,3.68097011855
1.00258836968,1.15810126254
1.21872716865,1.03869487323
0.447079134953,0.856607798788
1.42335161917,1.23574114805
4.13044238732,4.16202833816
1.1055340332,1.11377066006
1.11971390369,0.168222173072
3.53260044154,3.84788956907
4.28083874449,4.20351402965
1.14433453792,1.82780653421
4.11710948305,4.47655920733
1.00310479437,1.2160101278
4.47632845712,3.80702271946
1.1587135715,1.12678858651
0.534871196475,1.12519564631
0.82080517931,0.928623481079
3.71285575805,3.59547270426
1.1494157214,0.992142328797
4.15697852161,3.83872498943
0.863858787684,1.12097936205
4.26128853465,3.73660881504
0.883938745945,0.84691217811
0.989269578442,1.71422360537
1.60337700444,0.986621372063
1.28093371775,0.989471446939
1.04648422771,1.11344875588
4.30636742295,4.21260858193
3.67619705019,3.96573233456
0.822579199658,1.33732575535
0.799686183829,1.50457652202
4.03156964112,3.97250217757
4.29062331793,3.78089287133
0.875914305772,0.775763556568
0.493530991669,0.966260205232
1.10785131987,0.95662995492
1.06821783254,0.694978405417
4.04640065009,4.31247051665
0.419116058246,1.05663357904
1.05939018698,1.32458056554
0.849154989807,1.72373610386
0.83941895064,1.00762156252
0.960427408066,1.12142854361
3.6984064383,4.030422144
4.02597495405,4.42577651377
1.09249937379,0.586574959881
0.566517940278,0.636837101763
0.618854500454,1.29081901245
4.27796749029,4.16742456419
3.95158793912,4.53833464157
0.99270216268,0.778590727238
0.720163287548,1.37299581534
4.01202143696,3.90167352481
4.14412734884,3.70954418083
0.80198310396,1.05274568599
0.715753421528,1.07333303679
4.10171777678,3.82311038741
1.0860713464,0.303821717263
4.7465324843,4.5087908599
4.08543717974,3.90718672213
0.809246176486,1.20292998848
4.42659266779,4.13690900904
0.390794659666,1.61934785841
3.8798953555,3.55830312146
3.48303152479,4.53926181614
0.803060897509,0.149633648418
1.39833480879,0.969615554135
3.76284309345,3.72780996354
1.07044645778,1.63964602317
3.85877725055,4.08183891686
3.86270782171,4.11154332445
0.883801954778,0.909309174827
1.09514818789,1.15601218437
3.51210341865,3.95955326467
1.27625764713,1.09561829588
0.887455865002,0.632141142465
0.802434109958,0.845729810218
4.12078765934,3.46723360001
0.96685317848,0.501790056439
3.86325239566,4.42784762561
3.55513499273,3.6071763561
0.932722319725,0.909325080863
3.82323130405,3.86546049814
4.00761568132,4.18311752929
0.51020964213,0.529669682707
4.19979014382,3.23963366137
1.17355644932,1.1048963371
4.30257918606,4.15827921483
4.50077524191,4.09059676311
4.54243954317,4.13099154239
1.09901053435,1.66778329952
0.724598569054,1.07574898812
3.87330555276,4.03141420883
1.38579520212,0.547900480536
1.10167123756,1.60631306845
0.371619078638,1.03711657427
1.18357815782,0.597550982325
3.98927717994,4.1008047228
4.27001627283,4.54067266894
4.0852943557,4.12462018785
3.77336118209,3.63963954429
0.678774213547,1.31633551808
3.99000421515,3.54075895078
0.74303520753,0.537523780098
0.690207069432,0.868975498763
1.16920256052,0.614634310602
4.69623995178,4.03512726165
3.83006804388,3.90769261679
3.56602663299,3.52519430746
4.52837983823,4.2262286991
4.16026035125,4.09536552917
4.24539328218,3.91632571747
3.94953573317,4.11337303052
4.80417125223,3.9397574458
4.59002919158,3.94112981052
0.895611443224,0.593983342556
0.469438464797,1.10664453782
1.24380221263,1.17617781382
3.80401458942,4.02355420755
0.85899013519,0.934980558827
4.2494053174,4.1463918048
0.770756822828,0.56866255786
3.92821102266,3.92596193266
0.784118683434,0.756102103434
3.78282138878,3.6641115299
1.10584498195,0.954167672936
4.23125108812,4.07295046462
0.49056825417,1.11618414262
3.35257943081,4.39556530543
0.974220769909,1.05828788141
3.76326934592,4.00037453674
4.05796406597,4.38920262673
3.96850608969,4.41022449474
0.98242403466,0.904737071821
3.54710151818,3.91678258248
1.1219246481,0.942046989535
4.21910553711,4.33137354207
0.956926146485,0.885392365315
3.15933916048,3.64347267353
3.84672214563,4.23241849572
1.0551776483,0.884353071887
0.791102003842,0.912880869759
1.45599845823,1.51587679222
0.648062978466,1.58308635569
0.507110411941,0.878178461122
4.54657452936,3.97730485882
4.06377611393,4.4641094491
0.782320786461,0.584990813381
1.80886721577,0.977822600116
4.31172893211,4.14372856723
3.50339678851,4.04609333824
0.933256896927,0.742324027658
1.23197589322,0.644835807942
4.5057376908,3.50558613809
1.22672208667,0.838260208974
3.66715673391,3.8357445698
4.44547767961,3.36283299459
1.11124750038,1.04261854156
1.24435594675,1.01767767675
1.17297724498,0.937510373327
1.25737717729,1.34233056
4.06200715351,4.15931275209
3.48091718153,4.17662272204
0.755990722239,0.560072701659
0.624161391985,1.23324710675
0.940480330954,1.02825769009
4.42136365448,4.04393223114
1.25704918357,0.80469232201
1.09746088474,1.29913539424
4.40663281078,3.88055556137
3.62422199755,3.82410399244
1.44834536335,0.379004492496
4.0497590568,4.39874238482
0.995295366519,1.04827845049
1.21599511904,0.669128136113
4.07236118927,4.33833508904
0.917070146495,0.92212690545
1.13969873192,0.539126894117
0.793648716691,0.635776779072
4.18675574209,3.81064241748
4.48255664678,3.83152637512
1.34182020536,0.629552253894
3.9003693168,3.78357061133
0.87260100927,0.751010620739
1.01995516671,1.09074156932
1.13230987218,1.05363785972
0.85934074361,0.33956761435
0.726153332367,1.33510488643
0.907265666568,0.929960001537
0.793810288853,0.964757636075
1.554877374,0.93575000314
0.738760855245,0.826345100571
4.0039719303,3.96341652172
0.744481240824,1.54681708004
1.2314217846,1.30883164863
4.22619744009,4.31959464763
4.02025505715,4.23328124137
4.34357865191,4.1039483326
0.632013502181,1.29023384502
0.759057583798,0.860698692569
1.01796840493,0.936243086569
3.76654494356,4.52103248709
0.727810490685,1.01558361874
0.515830645733,0.936177915936
3.87138938032,3.80864783306
4.39260062571,3.99226043252
4.0752994348,4.31642737755
1.2266187087,1.26022222341
0.798261865667,0.892134051538
3.65992215231,4.29902789285
0.851169299805,0.977558505196
1.31032296594,0.701136207889
4.0452454619,3.92335876414
4.32949106222,3.95864824642
4.20974084612,3.91037211983
4.21972720293,3.88743327977
1.57688260794,1.44415443743
4.24736716587,4.15935350996
3.51419200513,3.84668786093
3.73934123594,4.19691722526
4.21590045116,3.92547420799
4.13823829831,3.87970415263
0.96683780283,1.30605181351
4.23063119332,3.8736017238
4.30469958446,4.21031240235
0.713216499852,0.89620546729
3.95348925756,4.01981807854
4.13066384779,3.82023271676
3.77388866015,4.04130694777
4.29003040335,4.15242037282
1.00366959509,1.47077788436
3.55562621134,3.61823255949
0.775092896589,1.00984262428
1.08528390124,1.5228006342
4.04846778017,4.46902142351
1.29176073674,1.64016047416
4.47365955832,3.76134983498
0.890483435036,0.462601735588
4.00938026411,3.97236636559
1.14112994345,1.09343412147
3.7231530055,3.56459845054
3.91534123699,3.65253904444
4.02960023614,4.05915431656
4.02585305271,4.65726940397
4.17053767568,3.90015647054
4.16203690792,4.68714012116
1.28091956307,0.842307822069
3.76096740811,4.46442004041
0.934915129019,1.13361797527
0.762314001458,0.840518227597
3.77305194134,4.09045421722
4.6513494848,4.1986222867
4.24061552162,3.4460404055
4.07569942942,3.88276060118
4.09573552003,4.09217943415
0.864609088869,1.07970639249
3.80588394209,4.05137306355
0.225161010109,0.653814890904
3.72282639526,4.42364550949
0.977599606525,1.07761493207
3.74924317976,3.71737192334
0.525118480799,1.18311381373
0.650455047765,1.27024794609
3.51857844104,4.4376144249
0.595622373211,0.771527983523
4.02029026902,3.86109347377
0.906534240362,1.01684960267
1.58677369248,1.11702799681
1.042585949,0.904201474856
4.5600049445,4.22724049902
3.74268921309,4.04063639896
1.02237592196,0.676870279179
1.70399410916,0.616251667892
4.18213350157,3.68554887795
4.48947922826,4.11332775092
3.70827913319,4.40386632197
