7.30998802185,8.49218988419,7.11476397514
7.30998802185,8.49218988419,7.11476397514
7.30998802185,8.49218988419,7.11476397514
7.30998802185,8.49218988419,7.11476397514
7.6788918972,8.87250494957,7.51468896866
7.6788918972,8.87250494957,7.51468896866
7.6788918972,8.87250494957,7.51468896866
7.6788918972,8.87250494957,7.51468896866
6.38836216927,7.8936150074,7.1455578804
6.38836216927,7.8936150074,7.1455578804
6.38836216927,7.8936150074,7.1455578804
6.38836216927,7.8936150074,7.1455578804
7.65129494667,8.62940907478,8.20924901962
7.65129494667,8.62940907478,8.20924901962
7.65129494667,8.62940907478,8.20924901962
7.65129494667,8.62940907478,8.20924901962
7.97019100189,8.65142512321,7.91286706924
7.97019100189,8.65142512321,7.91286706924
7.97019100189,8.65142512321,7.91286706924
7.97019100189,8.65142512321,7.91286706924
