0.457350335985 0.345500309649 0
0.45677823686 0.34552576938 0
0.470944116222 0.336464568367 1
0.471355944294 0.336469426129 1
0.477270080897 0.361747935053 2
0.477006140294 0.361495712908 2
0.477338050588 0.36211149018 2
0.462035242878 0.332663900211 3
0.462643975573 0.333052937238 3
0.454720072669 0.343061170097 4
0.45420775343 0.342895394569 4
0.484185494272 0.331776115488 5
0.483467727754 0.33198542319 5
0.478111465695 0.344123367209 6
0.478048214617 0.344795349759 6
0.451832572836 0.35581918585 7
0.45142555293 0.355187521768 7
0.479457189384 0.33935957007 8
0.478955200366 0.339147479372 8
0.462642612492 0.33906781333 9
0.461809909353 0.339039499228 9
0.456078704696 0.352458416566 10
0.45577670039 0.352680931452 10
0.633763470066 0.73379913586 11
0.633304829896 0.734449054685 11
0.610613940239 0.718090591575 12
0.610814279269 0.717626696463 12
0.612830515073 0.758536921701 13
0.613565455091 0.759013784679 13
0.597709362913 0.732530966042 14
0.597034343991 0.732687814652 14
0.596846228958 0.756428083265 15
0.596837048844 0.755584816371 15
0.606946973281 0.754443441633 16
0.607753609207 0.754680875322 16
0.606547400761 0.753699611146 16
