0.68819194614 0.446650843503 0
0.687042299823 0.446187813369 0
0.643513938053 0.365723200267 1
0.64301713608 0.365722167344 1
0.643021970767 0.365509772918 1
0.672900476154 0.404745409853 2
0.6742162153 0.405542718288 2
0.684781411901 0.372842605057 3
0.683868351405 0.373479720908 3
0.694945736008 0.375490305862 4
0.695518013358 0.376728098809 4
0.612728651834 0.4334368976 5
0.612340558393 0.433218146769 5
0.223303352794 0.725653406618 6
0.223660792647 0.724106651469 6
0.179329291553 0.733034213597 7
0.178820184653 0.732299231832 7
0.160058017363 0.739094886945 8
0.16011952767 0.740297499887 8
0.158291602986 0.733648302829 9
0.15778222886 0.732400384139 9
0.164335725127 0.750359271076 10
0.162743251823 0.750623061112 10
0.159464539928 0.751699048646 11
0.158566969032 0.753103104591 11
0.186812283613 0.7610812409 12
0.188250028222 0.762125033122 12
0.207645976893 0.74984870433 13
0.207820054913 0.751328939658 13
0.215414753069 0.764817706876 14
0.215876173047 0.765883370708 14
0.226000606636 0.767845910757 15
0.227391251448 0.768347851761 15
0.224616597016 0.758637614656 16
0.225655921986 0.757608238932 16
0.226383365344 0.757311031314 16
0.184940891184 0.706274004139 17
0.185423134967 0.705312417978 17
0.183269814971 0.705918619654 17
0.648273006185 0.804927236228 18
0.648384446714 0.803697068848 18
0.659997764377 0.798837053924 19
0.661309814567 0.797873293721 19
0.691833480002 0.789028220766 20
0.693369913458 0.78904425275 20
0.677576470903 0.771383911877 21
0.678136576396 0.771209267716 21
0.66977588198 0.74996582816 22
0.669267930511 0.748513796263 22
0.713460238296 0.786587419536 23
0.714063720683 0.787960952258 23
0.642234457321 0.796807903362 24
0.641168498774 0.796325541622 24
0.295483981334 0.220393916365 25
0.295191935999 0.220319683476 25
0.302730287897 0.178637847884 26
0.303475012522 0.180185879159 26
0.246003681707 0.155100488967 27
0.246140313859 0.153740707582 27
0.246209265439 0.153317556336 27
0.214889163478 0.184290086657 28
0.215608420303 0.182852475344 28
0.304557908574 0.159603686894 29
0.303279412311 0.158471021356 29
