4.7705373496,0.643548240746
2.37175656879,1.97400954873
4.20681320718,1.12602603702
0.211694915181,-0.359848817801
0.20168787799,0.263281707773
0.276335716656,-0.0850069977951
1.93356316347,2.50931538057
0.0299327500724,-0.363887646017
0.847417813675,-1.10649157751
2.22347683932,2.45545993542
3.78388793425,1.42124839755
3.7620085659,1.07817033384
-0.332803348376,0.194356567933
1.91738415644,2.14633942161
4.4359349769,0.671339306999
0.0439762354717,-0.237670844111
0.281354152962,-1.22092594502
1.68904108407,1.00752259024
2.1100746626,1.64903453798
4.14873973446,0.934626494258
0.275367236729,-1.10367352651
-0.164112094976,-0.429483265127
-0.0464484833071,-0.315230674128
-1.06387821771,-0.490849618233
0.124020303293,0.145772224055
1.91519791304,1.47087425543
-0.795842302805,-0.340033193265
2.49657669503,1.74113480234
1.8455442255,2.03184833416
1.5800076919,1.98448622926
0.480829229692,-0.704023611733
1.97993027327,2.11705980722
1.40576359393,2.22458792405
4.01750891764,1.28195391284
3.48429980807,1.0211797426
1.26595122156,1.86433745831
0.198464808273,-0.41954321042
4.10230567756,1.72641229628
1.58571813214,2.4148706619
0.127925851863,0.284200951295
3.90687488025,0.694857042646
0.265445919331,-0.663736464487
-0.296066741642,-0.0640028126466
3.87542965235,1.50575738753
4.34687663218,1.10942569693
3.49737270081,0.984116467179
-0.399503586434,-1.3913584107
1.79843832271,1.91057822225
4.09673451578,1.0437486544
-0.0457637735497,-0.491324276969
-0.311422431503,0.191369674411
0.596256323799,-0.4076003463
1.59164030836,1.91341810649
1.85025855594,1.90819645739
4.01489038801,0.615627432634
3.98716200857,0.853871380713
4.10262399631,1.09066597602
0.455329094847,-0.796077970143
2.11352185128,3.02852053169
-0.201674413206,-0.792202067479
2.19490342825,1.90541503379
2.06243536308,1.42655628452
2.22328073553,2.25963015203
2.73900874072,0.465209010288
0.596907739065,-0.934072890893
2.17377486969,2.04539017847
3.26270936842,0.200625122644
-0.309526924963,-1.04633483139
1.77333075318,1.73584267017
0.107812241935,-0.666410524837
1.81141310324,2.1786978064
0.16539520321,-0.414359799083
3.81984303324,0.33745468219
4.15667615586,1.29846614036
4.36803782403,1.10719008641
3.85304756004,0.996305552979
3.34903994948,0.287791461189
0.32809075298,-0.441957690159
3.64003886959,0.900965899081
4.1129491522,1.47464106633
2.51504909088,1.99155482501
2.29251888787,1.83612358599
1.78617120238,2.57282918701
4.3710507488,1.23903026494
3.73484695607,0.798190747208
0.164016562158,0.162094880264
0.228257527999,-0.552303365174
4.44263628811,0.961473270596
1.85543347832,1.78014520066
3.84624485608,1.01093091136
4.43225075101,1.10162821537
3.34664251176,1.1719912545
2.45999465956,1.81215674465
2.3660535103,2.21298076771
4.01848700176,1.26705966382
1.48520868518,1.67619176484
-0.166816801449,-0.925527108
-0.4369970567,-0.358332257968
4.39299032623,1.53988127939
-0.720826222038,-0.89923142383
0.19181642885,-0.195391384236
0.051816542913,-0.670616403296
3.92978924905,1.47209193456
1.25623836099,2.47966706842
1.92187629393,2.40420828008
3.59663362485,0.116770595887
0.311192437982,-0.187362885355
3.9782449193,0.726354434372
4.06960097514,1.46870577497
-0.0611773653052,0.0116011131712
1.60618036299,1.73291585719
-0.269394271615,-1.00215364368
2.35724616304,1.68535312441
4.74182680462,0.302493614789
2.34514570275,1.53829673677
0.122026583087,-0.860673598427
3.26815512798,0.939329897008
3.33270248909,0.410764534151
3.9839157699,1.1512070842
2.06847963901,1.83164315588
-0.164274847446,-1.30609739662
-0.464689395851,-0.696536751856
4.20987080847,0.957523372115
-0.098793462749,-0.987816479302
0.179570855538,-1.74766674039
1.33831921919,2.45469239891
4.41695123544,1.25113684628
1.60640186511,1.69201929974
2.68023770745,2.76791071127
0.347305748046,-0.129423130716
1.30568534878,1.81920631604
4.20578934102,1.43305378517
-0.181429626138,0.0501002816721
4.29968521573,-0.140549507938
4.1240499472,0.681226726448
1.77259667515,1.09177315924
4.50277755956,0.296242914322
3.55298738106,1.91893246742
4.46803881027,1.07408971429
2.22580988921,1.974755237
-0.756548196972,-0.900037111143
1.96856457578,2.1125512581
-0.0497202322797,-1.24731491534
3.52413685849,0.749806735654
0.0937237401346,-0.0605124335823
4.08672804842,1.31339740303
1.87329105614,1.73477598411
4.43504560502,1.22863055923
1.54013900401,1.48230300358
4.7586065362,0.258379207135
1.60219337161,2.5553648161
4.00851494675,0.963084631085
0.00465719155483,-0.175984808296
-0.606566440183,-0.842708024715
4.24417485257,1.32217250205
-0.820915495172,-0.363378242992
4.20735744747,0.819556228947
0.385573775356,-0.792961516985
3.29890066232,0.771834353606
1.8155654577,1.79599815554
3.38585879646,0.990158541045
3.97969901334,1.03560477577
1.60010962261,1.93888557081
2.65243138641,1.60334882009
4.45386877909,1.23741882225
1.31018552596,1.22961342616
-0.650223089583,-1.04474434736
4.59181194957,0.854444137382
-0.0469545711726,-0.944600874122
3.28787748491,2.00962085256
2.88834497671,2.21501385318
0.432312029307,0.0980782809429
2.63893878749,1.56570202637
4.54962323176,0.913221177155
-0.36591582692,-1.27682717105
0.18105373853,-0.808164540923
0.689750646461,0.161211446455
3.54332834152,0.728950665888
1.84587851439,1.55025649255
-0.391858717132,-0.760482349144
4.27367039242,1.50173304533
3.83940781239,1.24554579556
4.04526154393,1.24262257335
4.08694609896,1.58380394009
1.87034084627,2.32030337064
-0.139898777264,-0.456169925179
-0.191098486095,-0.873484068892
0.23807035725,-0.309817120231
1.95200629685,1.7780535258
3.81213519255,0.506126505353
4.26860791656,0.555720987944
-0.0531738203079,-0.806080191799
0.424370739295,-1.73285472524
2.05204928332,1.75368999157
0.208408648193,-0.374406906023
4.32959080439,0.831149919658
0.0648196070224,0.154423078133
0.486619215506,-0.784119194802
2.55029485117,1.06107048702
0.669713487208,0.353150129214
2.1691673416,1.58888247051
4.63988900168,1.20536351357
3.92653527303,0.96109512278
-0.100114654609,-0.886513958513
3.92430359975,1.17005954578
0.347963839831,-1.03274628809
2.75018838456,1.51828028865
-0.224114602812,0.368289424218
-0.186128541342,-0.836354665148
2.2526524593,1.43318172404
2.06897981111,2.31235791866
4.22213983939,1.21915689669
1.75867843516,2.54442674998
1.82294789547,2.00122289295
2.31708922434,2.07001583074
1.64887405922,2.65431608698
2.77566332405,2.32085730337
-0.41077000145,0.00265732964313
0.0825026396659,0.251924364755
4.31684995996,0.326944217684
2.11080024257,1.5869070623
0.105669686677,0.459469034757
3.37880616146,0.75883844725
0.102326748805,-0.957532391874
1.86376429239,2.44535574887
-0.226267515289,0.585604155795
1.87445827761,2.23842520256
-0.901897071975,-0.330405565617
-0.516424925179,-0.661151333966
1.59616572337,2.60130579087
4.0098358112,1.01914258331
0.614039331646,-0.810252133047
1.64710037786,2.32908212938
-0.733589256135,-0.291747985013
4.88504378737,0.911694715775
1.61791720729,2.73327501945
2.5980323364,2.0980565242
-0.195819098275,0.332168677816
3.25785236151,1.62935294146
2.30222745742,1.56162465423
1.43945384021,1.47296434905
1.85104522847,2.20262997379
-0.100916520413,-0.636012378705
4.44339287902,1.34511385135
1.2287380747,2.18228612293
-0.575860127942,-0.763444041925
0.741660719493,-0.426097510031
-0.419733409857,-1.0683807571
1.73149811501,2.25517619563
4.00458348342,1.9892333524
-0.342951530365,-0.899501061486
4.39572547386,1.28594103695
0.182886972154,-0.586929515697
4.08678878,0.479342223633
-0.913808010502,0.429021787612
0.426263385498,-0.569754541891
1.99733266738,2.61472703078
-0.174091881083,-0.729631732835
1.9412208218,2.6303100655
4.03938916191,1.42243609406
2.30130305323,2.45198863652
4.18634110921,0.771744492147
4.17509228599,1.52696847908
3.77689202745,1.54745997118
2.17505096329,1.84724555534
2.58169070946,2.68169703225
1.3689512602,1.86181918092
4.08954527248,1.89492936337
1.76377725969,2.12348764788
-0.162719676352,-0.0209366887425
4.58326744039,1.27740669068
3.9928993523,0.778721451394
4.5959614375,0.922509643286
1.57692953366,1.82156431744
4.19384701073,0.93254878372
2.56340089224,1.48488831594
4.18299568936,1.54076403505
2.28304981436,2.14131522964
3.01948081591,0.716657307877
3.35974229112,1.86504613995
2.88255214521,1.9674925586
2.83569602139,2.18660341997
-0.524317428353,-0.0946280808706
2.12359124163,1.72837080379
4.62574028518,0.26139312603
3.56039707597,0.734689034855
2.7713231614,1.65442313372
4.38273880759,0.62239411423
-0.875566387424,-0.910752572361
4.27121844539,0.732407603626
2.30122661213,2.33237316305
4.73421884239,1.16999162638
0.63502742875,-0.146388277926
3.78881016867,1.39406305545
0.495127952199,0.0841098875468
0.553630806327,0.041070931953
0.0571104417166,-0.31910478645
1.70666457503,1.20136483317
-0.530621068787,0.0856426322491
3.60901185391,1.29537583789
-0.512911104942,-0.146769115442
2.31898680892,2.1902683586
4.42038088682,0.373822628768
0.49335608055,-0.605397110605
0.530450807022,-0.580966176116
2.32919821184,2.14384240241
3.04822479317,1.63241444743
3.80708407049,0.712971749587
3.27710213975,0.382125908781
-0.453074288535,0.25670952232
3.84759301655,1.91564314481
4.18118148901,0.200850400017
1.95023427374,1.80540560964
4.45704937669,1.31546860352
0.00472500932437,0.303641722258
-0.413102146419,-0.386376517815
4.09301073027,1.23896912814
4.01715732284,1.23072288556
2.36438332887,2.48596904771
3.95275913454,1.61533674211
3.63607711061,0.50314420639
1.23674092993,2.32858258901
0.299872386914,-0.707323904325
1.53397742088,2.06375022419
-0.168816202498,-1.0517882863
2.21275534521,1.7628087754
2.14975919783,2.45618774637
4.01374596147,0.98340241112
2.04717251127,1.55303425215
2.18429830021,1.64018292515
-0.734590485931,-0.530210369577
2.36993436056,1.90405314341
-0.0302740240153,-1.09327814134
0.485188786671,-1.65163309985
1.47599819576,1.42466877177
2.28547400294,2.73317409648
2.35268502215,2.85560302333
1.66534752138,1.9284444868
3.24196723506,1.36295369555
0.952555959668,-1.22489528155
3.92802709551,0.625619128052
3.02886914622,1.59334795814
0.244490351124,-0.302430669048
-0.426369867708,-0.390000444817
2.22989366985,2.59136949522
-0.0589743051936,0.00988594580187
0.981352864534,2.16875896392
1.43014579537,1.97232735607
1.31475435927,2.25063385426
4.36808992326,0.874488576204
4.72812442105,0.629015895402
1.46303397494,2.1576196638
-0.229862311906,-1.03128448286
3.48614436136,0.410063333301
0.289491509278,-1.20678053389
2.10740670692,1.94769990221
2.04799353253,2.68355147597
0.670210182934,-0.265413313276
3.97780416843,1.10756512056
0.235750960725,-0.46021006083
2.52955413307,1.86833260678
-0.356528997813,-0.739222658605
3.28698689658,1.38000443797
1.80490055027,2.01709820605
4.03877957907,1.98590410596
1.93066742071,2.53712525634
2.85328200288,1.64009623773
-0.0252598592019,-0.500623269231
3.84979406784,0.990941903255
4.09685821044,0.547135515245
-1.02987901801,-0.38683201324
4.18941322788,1.11097098382
1.71695868158,2.48153263043
1.92023902271,1.82920064571
1.16413252778,2.17216916153
1.49303475836,1.57078801088
2.0389036358,2.11146787031
-0.366013916642,-1.15989094751
3.72431841751,0.629727254068
1.46115753696,2.66887966406
2.85617818927,1.65095115143
2.01979798015,1.85714200228
-1.0078218264,-0.319325425209
-0.0249086466101,-0.618771806867
0.130104227375,-0.314208130799
0.494846818149,-0.205131321175
4.66821651941,0.0442494918795
0.312197918711,-0.571808047166
-0.354901164529,-0.00741273137956
1.52364264608,1.77094737263
2.25685483822,2.69425835223
4.13388145928,1.01981002428
1.31601149319,1.90256020767
4.22442713124,0.667930698891
-0.328070096458,-0.411549169672
1.80685581651,2.6188514392
0.437641105114,0.460240711242
2.59435747376,1.41859943703
4.60417990473,0.667028866166
1.61245300097,1.77068219017
3.61514179424,1.56574884287
1.99324771084,1.94896476621
-0.120601516928,-0.138894621892
2.48939584196,2.33268703991
-0.234710855097,-1.03310896569
0.310693060972,-0.141497551236
0.973456177176,0.101437577246
4.84000741675,1.34086074853
1.45436791498,1.96373066773
0.659960422008,-0.116351627242
-0.697693205288,-0.312206530536
3.80995832914,1.04712131324
4.04427005807,1.17163731439
4.11099202986,1.27359662923
1.40477009622,1.79827274038
2.6524242129,1.39642190249
4.34402385387,0.879232269156
4.04464218814,1.70933453768
1.99981220311,2.16836978869
-0.0976273064715,-0.299573037097
4.49666228086,1.18023880807
4.81365931476,1.19648731358
0.133529927622,-0.126506228414
-0.563757912022,-0.150129339876
3.65693730847,0.34887684936
2.5965685817,1.84610797504
-0.640827409042,-0.721993947513
0.414386470701,-0.356572556176
3.39321411051,1.56924249844
4.34680287451,0.941302119798
0.394124742714,-0.551798360819
-0.166131827074,-0.607720629909
4.00788202598,1.14563159407
1.54965777939,1.28190007485
-0.385447188705,-1.19371432985
1.98013712652,2.7283066959
2.13310058983,2.37916495841
4.16006658208,0.785221178319
1.34818991154,1.29224159635
3.96169797887,0.746064535014
0.419331768351,-0.347015757289
-0.600416312131,-1.10602287761
3.50073510086,0.753616854694
2.5519987882,2.29985954401
4.12815576961,0.860780083202
1.41206531468,1.5619808146
3.17648715231,0.686874196293
2.13278410249,1.5055541945
-0.470364014766,0.0450153803572
4.37469283276,1.1471797941
4.49423659333,0.937972369632
0.41868382325,-0.578892381047
-0.425000815163,-0.684522361941
2.14131156132,2.16779420398
0.224123582107,-0.511786506805
5.10305337358,0.904957307366
2.45663196267,2.64813663846
-0.402959952537,-0.325893875963
-0.0443036359914,-0.798565228863
4.18175320938,1.87152060808
1.94435766835,2.22723649166
0.314305717098,-0.498303099911
0.59741453378,2.29000341503
-0.516360893585,-0.697019020135
1.97746281134,1.62037297706
4.42125811674,1.30527104448
2.1819414545,2.22695460882
4.43202148352,0.812575412903
3.30328555472,1.23938858755
1.71405630262,2.38377339572
4.20124543935,0.722745494504
-0.3464622335,-0.257337863919
2.48466686283,1.89882804743
1.5057697559,2.25767600887
2.30476066239,1.98564001596
2.13739433976,2.46087421975
4.24334811339,0.181865066327
1.89546769677,2.32801844032
2.76987646215,2.63648676923
-0.335139669922,-0.871897342397
0.129107019602,-1.54426742411
0.302532640656,-0.316642173692
-0.383663631227,-0.489668109976
3.09465385634,1.26536662251
4.03038258573,1.34992186206
1.65515258047,2.57668010316
1.90959161006,2.05513909294
4.31461126917,0.865558179744
0.958802099073,1.62084273423
2.01181097804,1.94854917806
0.304407329563,-0.67190403001
3.88481904885,0.843379129161
-0.033600590213,-0.383577601897
2.02875328624,1.27670592834
2.31439260544,2.23473135226
1.76659459072,1.87247100149
0.310418174041,0.0858308033042
2.47772007652,1.46680064994
-0.300474128862,-0.352866832068
1.38324263692,2.13975411969
4.74727340195,0.362528432908
3.86478454649,0.840237071025
1.65822702931,1.88715949546
2.18363359221,1.26649880704
-0.0585481293872,-0.457721046776
1.50155889459,2.1057397368
0.421534108591,0.135547467717
4.44590912816,0.915980899686
3.90627170361,1.70846705686
4.00066195011,0.654982815458
2.28711081507,2.15301106922
-0.367871893927,-1.13060628187
3.7980548441,0.215115509551
1.91598908505,1.48536137187
-0.0597962599141,-0.634005895731
2.09324782703,2.26260646711
1.79214778309,1.71807939958
0.507867329032,-0.276799574145
-0.529933033117,-1.01308833542
4.19928075119,1.09827868291
4.15257666517,0.734665581122
4.54443255688,0.367252852874
-0.120480091602,-1.00760509916
0.209548097879,-1.19130965882
4.45955113443,1.3189128729
-0.300470724257,0.256864783033
4.34876046845,1.19477692967
-0.443479831958,-1.16232575336
0.459805763515,-0.748643303038
1.90686148628,1.74651078833
1.03676251396,-0.977007120225
-0.759703512497,-0.550609692152
-0.139101500147,-0.605059997695
1.81378820493,1.50638376272
2.00742116914,1.45020064939
2.04293534412,3.05183434767
1.75064093881,2.67477117056
-0.551445983474,-0.120036660619
3.64490401888,1.0005618051
0.347132676905,-0.0367525270478
1.8846952859,2.38594785956
4.143744325,0.937999353571
3.48988322846,1.44854183927
3.58423959289,1.63546826423
2.071636295,1.55535649041
2.0327050546,1.90737468865
2.66905211334,2.01925087395
5.17925823071,0.663637069871
-0.285444942156,-0.663233524694
0.16939148902,-0.994730355763
-0.767821585781,0.377848927854
4.02482710965,1.13453985525
4.15220146316,1.29330156777
2.26627713882,1.78569900366
1.10482874023,1.30674891266
4.17566422458,1.71483881099
-0.124051740552,-0.819377584631
4.05073207356,1.29577046064
4.0593602901,0.108745484019
1.64103375803,2.2112175014
4.39452704816,0.177889879763
0.101511748606,0.125115392055
3.89231653399,0.888942898995
4.01803215545,0.852510287217
3.51429557529,0.948598501847
-0.1828364087,-0.888820245996
2.07644508191,2.04087166717
2.12926579061,1.9987057538
-0.0189771530808,-0.629099236575
1.29709354618,2.45274818019
1.70625734779,1.34347667123
3.65156721378,0.878774599697
0.906327069713,-0.638044599212
1.24157805281,2.13635497271
1.07241514869,-0.0749842308543
3.40702719559,1.24345369898
2.53073899154,2.37648619422
-0.381744235262,-0.646551260969
-0.245570388308,-1.34806363024
2.42155784731,2.3466488957
2.58643143274,2.05784134259
0.776144286055,1.50652921381
4.1085417839,1.50750263356
4.37410797609,1.2195877072
1.67992140998,2.50758048122
0.865323911916,0.166231656145
2.33459908198,2.09466171498
1.89824488861,2.86661258186
4.51536797786,1.1559224989
-0.00668596650962,-0.130367328339
1.8232307284,1.84867676341
3.56436304705,1.21468064156
0.216501806875,0.74170980131
-0.286846661499,-0.678772316448
-0.82938129757,-0.715088301818
3.98656474526,0.946823147035
-0.3865375748,-0.904523970409
1.73703112611,2.1645161571
1.79793328635,2.22093697483
2.53002327712,0.96267491523
-0.164497990494,-0.0778583565925
0.148759540323,-0.0728390868988
1.60089305317,2.39523669098
3.73083229637,0.315982321664
-0.323821974848,-0.865846844849
-0.337360655116,-0.485236063574
1.66911692677,1.71470510331
1.6958487377,1.81405233724
1.64689066486,1.84898871039
1.97872502794,2.29886482221
3.79487859349,1.64177143841
4.27320025236,0.528323316929
3.96709615932,0.416179154819
2.2248411298,1.45159227651
0.779724534114,-0.191974501913
2.70065451869,2.39781223884
1.70201385041,1.29007681916
0.506986164948,-0.985969178764
0.0697263415636,-0.329826866179
-0.156352793624,-0.761570814587
3.97221551434,0.798923685852
2.42404143872,1.09769355801
1.98353121819,1.96209951656
4.22604770803,0.611979850111
0.210773355425,0.281145548959
-0.256190424062,-0.378543040277
-0.174297067834,-0.636036237759
2.3894863358,2.57332004208
2.06257886764,1.61404840794
0.840401532192,-0.0922799037761
0.932512757819,1.37821474573
-0.496972502743,-0.476525714333
1.02138958079,-1.15446455357
3.66660998311,0.726268982463
2.16702764869,1.5545798527
4.30485797621,1.02331917527
0.519382813722,-0.422373012578
-0.223246050292,-0.533662242206
-0.0105403972597,-0.0143623723494
4.78328325065,0.8679317253
0.199738454735,-0.349846552682
-0.432226971735,-0.856902813218
3.53059172588,0.614314815098
-0.140389248562,-0.878130677966
5.20625687835,0.909636168702
2.31530604909,2.31349279445
0.238024628287,-0.389233495092
4.38659688675,0.635668040782
3.50292253111,0.986078684227
1.54704842084,1.03551137064
-0.317115124135,-0.0755326737637
0.427239363117,-0.460601941377
4.06786819285,0.885038146216
-0.344565987515,-0.249895866163
0.388168205098,-1.69502859184
4.23077640592,0.853156692029
3.2712880077,0.770031791389
-0.734685536806,-1.20549547594
3.81856526192,1.42723248571
2.10758918617,1.72645064917
2.67397176229,2.25437024114
3.71873767419,0.824323287707
4.47026051898,1.26956778687
3.76482126262,1.46933991759
2.44470825818,1.76874367237
0.314721217615,-0.977550029351
3.78389108122,0.764537075477
4.41274969395,0.974330709552
-0.571718249319,-0.0637714813289
1.44625427946,1.77189202332
-0.176575049167,-1.87076437466
3.81929910498,0.789185779894
3.67110688632,0.261233547036
1.82334473392,1.5085019264
2.3301176907,2.90533891841
2.60137378205,1.94598149506
4.04440035422,1.08873147484
4.08615289241,1.39623003963
2.27861971472,1.15655892647
0.0737678576037,-0.456655389835
3.50399641409,0.988952759361
-0.584409024973,0.0742339057028
4.3497746337,0.869031341527
4.60661610119,1.40846445909
4.50278739199,0.766494908009
-0.450096906325,-1.19514699355
-0.359740079794,-0.391645620616
-0.239716256391,-0.00916261950447
3.32938057544,1.67326283663
1.22931680479,2.27582856568
-0.229343481788,-0.697133435725
4.24146843426,1.18211295503
0.342466976316,-0.445246242578
4.25018320587,1.4016132493
2.43467125331,2.64017213704
1.75638818521,2.04118487605
4.18803416645,0.981991573592
4.0084563063,0.7328001485
0.347712676696,-1.247719231
2.37689656137,2.88239636563
2.49237514615,1.50759157113
1.91549228511,2.21912178722
3.61403381963,1.06095459844
3.78962807185,0.611878015124
3.78965154567,0.612930976784
3.72827220124,0.482700671534
3.58472950825,0.346897675814
1.84942027732,1.60419930621
2.0386293974,1.77773298181
1.86499700344,2.39397911891
4.33929616014,1.47939197144
4.07229753542,0.571309771233
-0.458118843879,-0.535034640173
2.22800106171,1.71999853771
1.53971523164,1.48218859808
3.56297320083,1.64184258735
-0.6933586565,-0.47153210261
3.53173034646,0.857978594476
3.86232134121,0.802686493884
3.93023388635,1.0297271178
4.05065088891,0.705004736732
-0.210988884585,-1.49064857848
1.94139957509,1.91476193203
-0.413601050191,-0.413260767921
4.03037151576,1.00735213785
3.79406173257,1.16731498667
1.37232191322,2.3579972983
4.64420549085,1.65799637685
-0.228382920746,-0.973346046148
0.128854660002,-0.226020274486
3.77008321845,1.34862774358
0.0232087242465,-0.109725517036
0.623367696025,-0.636394214041
4.10794019765,1.07153140336
0.782492704855,-0.052522523908
-0.341041887191,-0.522537842428
2.48647517484,2.70754864289
3.43309569547,1.01287922688
4.07041431563,0.902645209767
1.81753739429,2.1952725357
1.43232871394,2.23130188092
-0.0601657018508,-0.0150152873107
2.04762558963,1.6127706138
1.54177430349,1.70544343925
0.56928502714,-0.404826344271
-0.639863942238,0.399080235888
4.32385067674,0.888211311983
2.06121404782,1.62275997994
4.62663330225,1.46691355017
2.05695596069,2.35685318181
0.423412926559,-0.317658163855
0.203620091688,-0.455946734564
1.87379849834,1.46887147714
0.0638789234944,-0.643697787715
1.12544441692,2.22873463352
1.66727211387,1.83081801531
2.72194684374,2.09363128833
3.7030257827,1.09585772534
3.32065227727,0.875173873716
0.30175670264,-0.81837756388
2.0503425786,1.69593358548
2.10802561818,2.04507173364
2.88547835696,2.20145744708
4.60994921617,0.820833342062
0.880160538713,-0.32445800479
3.64886301707,1.1220007584
4.01237936591,2.00440737529
0.339928063049,-0.10966666489
1.66737385982,1.97357321298
2.2095151359,1.607528721
0.259465867477,-0.59373444001
1.50774722447,2.09260856168
-0.177853042194,-1.02173923238
4.09773083469,1.03519503149
3.74552598713,1.21421412255
1.21330082365,-0.533266099826
3.56928363708,0.393209056395
1.6520633704,1.3295301463
4.20526886612,0.839089435614
0.365703318949,-0.23573327927
2.04008429112,1.94188093289
2.04525389139,1.57027575907
1.76386612027,1.3766250873
4.79859635244,0.823081062361
2.8592041815,2.748742906
2.4773217497,1.61294200567
4.6306855372,1.07129523105
0.463697220337,-1.42129562588
2.31580251745,2.0329784444
-0.29702534406,-0.420881471017
3.65225265266,1.39692546971
3.4874463131,0.453519377668
0.630605174081,-0.684671807146
1.52983265628,2.3554572238
-0.534986666003,-0.728067359434
-0.632683312321,-0.765525940641
4.03896243107,1.63866477066
1.80684924519,0.98199036414
2.20015161308,2.4600765451
2.50940231015,1.74755854859
2.74391742465,1.68530692656
-0.108908923442,0.18321752666
1.87736026318,2.33188468104
-0.90738298251,-0.742754585019
2.38835771892,1.73463599194
-0.249439331957,-0.71178694617
2.48624485716,1.27654553943
4.09327183614,1.13847965861
4.57591540928,0.601315083082
0.166871250576,-0.436072187666
-0.463470877489,-0.657474514065
0.204201860686,-1.32338318495
2.60405916107,2.08903398931
2.25692742793,2.48253529128
2.48166200764,1.67599935592
4.24305536188,2.03071018174
2.14000600074,1.51473750913
3.91769275861,1.40331179141
2.3674406959,2.00107333906
3.10894487008,2.08722428162
3.2213757723,1.26493408306
-1.16225848484,-1.01927766364
0.839427164665,1.57812077625
-0.551979746728,-0.0646492324774
-0.159297260064,-1.11872808204
1.7406911827,2.25857401278
4.79256975734,1.33934304865
2.33977235612,1.37155914309
3.97207609339,1.56662520832
2.082542891,2.1295619445
3.97226287652,0.35526902953
3.55759681731,0.595755112856
0.832316061006,-0.59637499529
4.24224832147,0.935899562121
4.40502440924,1.81100900341
1.68992820676,1.75336076564
-0.027731880943,-0.548287374331
2.49602715406,1.68631711744
2.17923323879,1.43490130322
2.21003779269,2.07249784501
-0.0205667822971,-0.400771554909
3.55419808122,0.548799135684
1.58268668237,2.3997524879
0.0205913327857,-0.584232732512
1.53333679527,1.49919234731
3.62416328941,0.573966815069
1.19010296834,1.50288943376
-0.307804903982,0.246797858285
1.50585591784,2.23052002707
2.76380591646,1.74502863891
0.388583846272,-0.862139183287
0.161776979807,-0.56505506762
2.20018404718,1.99830673228
3.86994765507,0.100612235987
-1.01500390323,-0.960128079636
-0.0832741519542,-0.863441819427
-0.215845116304,-0.220838765745
-0.474582808793,-0.130888473204
3.63388180131,0.765261320513
0.421400576624,-0.515792829591
-0.430175250222,-0.655691799065
1.77183351554,1.09514797914
2.00999569903,2.24455404781
2.18626115155,1.91032397529
3.82093955563,1.35216049638
1.35787804156,1.58034339655
4.32865830567,1.49706031311
0.518549204152,-0.0141716335834
-0.317214608628,-0.19401132009
0.100729603491,-0.351669658043
2.35906093846,1.60090417826
-0.210080495724,-1.13760775091
4.36413113358,0.460858203914
2.27027234078,1.99403737943
0.138749060682,-1.12013756018
1.90776775172,1.92169692312
-0.140198639457,-0.474725595997
0.421379344599,-0.736538266896
1.88971320999,1.6495960373
2.68569703893,1.97422346009
4.05920828556,0.367497978674
1.72051278603,2.78055747872
1.65401787815,1.47390691371
3.38213085207,0.519516095041
-0.611901326477,-0.518630365201
2.25962056867,2.36825917887
2.18878584879,2.41599530988
1.57226692455,1.7912016095
1.92028817751,1.59917186762
1.32485223081,1.63167313673
4.32924651716,0.970530231185
3.71067135099,1.06755185215
2.57755476632,2.26907592113
0.125966069569,-0.544167675339
3.54470166215,1.03823566167
3.94229111169,0.877702795079
0.940861820139,1.54768500607
0.0178950305639,-1.20514761989
4.18801026244,0.441902648617
4.97702422719,1.29793343005
1.97530031686,2.2351509209
4.28013361314,0.715963626214
1.3670931552,1.92132948277
2.23065300414,1.83839753222
2.36847771767,2.06322315835
3.54760965744,1.045633216
4.19016116752,1.24636625745
1.81540158825,2.62198184978
1.70312993876,2.21330354027
2.40532575729,2.40111384786
0.793823555685,-0.319929256235
1.91535961788,1.53391352321
2.08972868276,2.87559262609
-0.48183867968,-0.025496722881
0.158767472922,-0.568748490595
3.61288189662,1.14773558275
3.91730992139,1.37107819884
3.18633523308,1.1851004093
4.71048933749,0.642024752476
4.09443226507,0.4417189302
1.67297958831,1.90227659792
4.39833439354,1.66319416681
2.11913244099,1.25216823475
3.22454728718,1.80889272421
5.42693864798,1.0852748369
0.272304037837,-0.0969998065019
-0.00501552532883,-0.494825495058
2.02076077653,1.5687314839
1.58909530809,1.9196944333
3.77962373993,0.874316498825
3.81941598769,0.857505117227
1.78337331918,2.62867938559
0.101523894512,-0.297629554896
-0.091303578345,-0.549447250689
3.82533061338,0.973032398798
-0.418570426136,-0.580365091439
2.81020824311,1.46220330194
2.24977157408,2.29516598512
4.07463858519,1.59811357724
3.80629213965,1.51722072252
1.59505108547,2.2169362739
3.97287060986,1.12513647159
0.672335582921,-0.592321218695
-0.0497432957546,-0.0409222797279
1.38667657376,1.64370956796
1.41663782528,1.958139135
1.37239416128,2.16792862321
3.27786766156,1.65642163735
2.31661349959,2.4181153165
0.551191753887,-0.470814752145
4.19566358098,1.24304250724
3.909840934,0.228679247778
4.39892119271,0.877540709792
-0.00765918623765,-0.329381719
-0.422541707705,-0.042340553864
4.08536617544,1.76615656851
-0.059358887901,-0.317857184582
1.99394683879,2.36696238616
4.2098305196,1.7716742239
4.07270167026,1.70353213526
2.18477080609,2.21643643252
3.19127592307,0.638986072721
3.73715790394,1.15079752909
2.39883193758,1.97513345192
3.79566383687,1.03867838805
2.18320864899,1.71714908889
1.81314587188,1.69685112291
2.5324038008,2.32350372449
0.209774891715,-0.666609098317
0.0222727417425,-0.277773450674
4.37141750444,0.865754573952
3.67423208317,0.496167294844
2.69980131443,2.27599680185
-0.159044286941,-1.22741338489
4.28055412424,1.40080225664
3.59688290782,1.24674765872
-0.548072330217,-0.637233637034
2.20527362511,1.57480841118
4.19599577168,0.730349075143
1.84674798428,1.41355096279
-0.352183120122,-0.549675184562
4.0083823168,1.47444623871
0.353847582949,-0.709888593531
1.94213560236,2.20493899592
1.31256562332,2.41793386616
1.71863933485,1.66857897282
0.0203103069444,0.552831162709
1.96252022194,2.72128863322
2.10030761883,1.02918963193
3.95355426184,0.526874320603
2.11052739256,1.98515158388
-0.408284263972,-0.476624571892
0.0704279420844,-0.39551853371
1.45276553866,2.06330235649
3.83342612597,0.568335073312
4.81986179404,0.965957288235
-0.383278138764,0.320225620058
-0.089279503569,-0.45761346486
0.640342573432,-0.32176103677
4.11376157744,0.816393380932
-0.878311845667,-0.796951278378
-0.204211818473,-0.318530956927
0.0987793001069,-0.323121679709
2.26363286262,2.51137463489
3.4148439255,0.638267318186
1.83010388642,2.38458922792
0.152506856347,0.409469602668
0.597502213181,-0.545576668798
2.2979024149,1.84660651524
4.14360328004,1.13826915123
5.11979872645,1.76318628986
1.05599116374,-1.07562249816
0.0960660220096,-1.04385814418
1.76483965631,1.86179072593
1.2494990482,2.26461698693
-0.0176772682024,-1.02564207398
0.340083130003,-0.742609686539
0.158301049807,-0.329344009909
-0.59215833473,-0.707713072167
1.96363477418,1.6832634338
-0.268341317303,-0.523655283321
3.45831916351,1.18766957634
-0.139055836071,-1.25420171285
4.22742412236,1.16166212043
4.70257581953,0.576878393819
0.578692803186,-1.1781492792
0.0335638829446,-0.984694581232
0.108953082443,-0.899924115809
0.789743769184,-0.559844790039
3.64145111216,1.69663006062
-0.599495244568,-1.3858811104
0.178203020698,-0.991877678929
4.01142352198,1.27467629394
1.09120696158,1.55710594898
4.17294553235,1.45437033467
1.17282046715,2.29386677753
3.78253770588,1.00115703209
1.79590110459,1.55376723873
-0.173090440414,-0.69972624192
1.85207253827,2.29878428399
-0.0386688451372,-0.412568177879
-0.100172556427,-0.910885648119
4.30954662603,1.02243576997
1.1674910645,-0.681814532233
-0.266131200514,0.00598863302967
0.0877813637181,-1.30170328507
4.96730854069,0.95939026765
3.84259801895,1.9105623774
3.64981741534,1.78154873064
3.64793486489,1.2813033954
-0.527905532301,0.374629533542
4.24935741025,0.698443346023
3.76209820348,0.951398273449
1.27114194558,2.25768215774
1.78080885573,2.40453532756
1.8844086362,2.13206212894
3.40921764645,1.63669336117
-0.587937083281,0.246158805828
4.57033524467,1.22477420506
-0.295408653737,-1.77554952737
1.86450734606,2.24164456151
1.78698758352,1.90839319784
2.45547573283,2.62288402606
4.47438005902,1.42787516365
3.70882591313,1.07705959532
4.01249295923,0.808506004253
1.70675470592,2.22716695535
-0.0263639480102,-0.642894392269
3.45420948271,1.12769629947
2.4456452648,2.73189417095
-0.293583862074,-0.675929018834
3.28384845604,1.0014499974
1.87131838183,2.67360994708
2.10844852942,1.56245693689
3.69418313086,0.746056940643
3.53583289286,0.356503933592
2.14660982614,2.05614628447
1.92921262027,2.12430793341
-0.179752063168,-0.333474850469
3.81944438054,0.639962885762
-0.24087157404,-0.488567656227
3.9458170126,0.334307809017
-0.47184883428,-1.13900807173
0.409580508642,-0.357251803164
-0.211514797215,-0.597529161759
3.92360876774,0.939640247754
1.67313537552,1.92239363149
2.13779152834,2.16366405172
2.14686879038,2.66740788259
1.98017979618,2.88180290234
1.97745164354,2.19423523377
0.0166525748596,-0.15444391652
3.62239176872,1.44555462275
-0.712322278801,-0.225329279402
-0.0307087223961,0.271004224742
4.26971621764,0.88465739784
1.87939559747,1.77652630562
4.10761551129,1.62905331749
0.140880465743,-0.884343082686
2.24785487635,2.26794042054
2.3392395576,1.60031530501
0.34499843174,-0.339668232137
0.672518045021,-1.43149326126
-0.197635284811,-0.418397706852
4.0061868193,0.169884476367
2.33796138689,1.59539917771
1.38356322412,2.35075723907
-0.403830417106,0.0906116652134
3.84668844525,0.431572189562
0.323992678564,-0.99630779583
2.24229665016,2.2175038333
0.00388255451291,-0.262848106195
0.214604266015,-0.433197688379
-0.312555536879,-0.567335543147
3.55051804176,0.666938444167
3.92700169859,1.34624358018
4.0956641709,1.69616417365
1.01668902781,-0.519015718247
2.15409230808,1.89945824951
-0.156582835164,-1.10902498617
0.0137708209523,-0.531338710301
-0.671065916718,-0.302273734431
1.57919275575,2.17182080433
3.62551628463,1.07755261265
-0.361413624304,-0.708951961146
0.253803840783,-1.0780485341
2.22360191518,1.70073127183
1.73415928119,2.43738663224
3.85377926876,0.679912138116
1.89445788429,1.6114899884
1.9949889677,2.6048334686
1.97293795152,1.61022404045
-0.726254031401,-0.595733126096
4.12106083293,1.23621303864
4.1803985556,0.99565424356
-0.108602006154,-0.895185654265
-1.06631410735,-0.111176464776
0.00947790960393,-0.455245494336
-0.764147618745,-0.325723786072
0.440432092848,0.508401939641
1.36512950898,2.07421072816
1.93369085094,2.47691283272
5.04435992768,1.05269089247
-0.124394780257,-0.616809641825
-0.28613073527,-0.195605017274
3.56927885578,1.45628746935
2.86140336368,1.25031976544
3.74510206582,0.861538925185
4.65511357833,1.02497150145
0.427539787887,-0.568110743734
0.369713570422,-0.497618309165
0.159640961901,-0.222401050523
-0.131326813237,-0.842671495315
0.463020971668,-0.532529153402
5.13686570816,1.79646462469
4.63204548172,1.06589834672
2.73199230304,1.90485276912
3.83645299895,1.35057304906
4.6450086263,1.18827910509
-0.203086366696,-0.380440411265
0.164631954563,0.0840213701381
1.97135233004,1.28903126165
4.0120322722,1.08255261411
4.00342787424,1.39908910896
2.20766099485,1.97908347979
2.22500751314,1.35569099987
4.11104471079,1.6866809024
0.424110653649,-0.620417635806
4.72383497018,0.747289562679
-0.208618188591,-0.283333336802
-0.0258612833094,-0.676047673478
4.63128013305,1.15113012463
1.57792358213,2.12317825229
2.40171866879,1.78687817437
4.41463377901,1.20736651472
-0.0516488961469,-0.361061941174
0.4028671228,0.118733829877
4.34594678998,0.810402585704
-0.0646107802723,-0.671911452028
2.24743559028,2.000404967
4.96890390666,1.21073720846
1.0333466848,1.53507585112
4.21619102325,0.564316271242
0.53162037058,-0.784356691102
-0.424965820871,-0.392853583475
2.48268622127,1.48764445836
1.90029152081,2.19091367815
-0.650940614804,-0.139865922797
-0.227411242769,-0.867106193897
3.56241869979,1.60579948295
-0.581785609376,-0.379827108793
-0.419755068678,0.0594937230048
0.235474497239,-0.57719584905
0.288059186744,-1.22763021994
4.2893745454,1.2647012181
2.27097357031,2.39297287174
2.98487840547,1.90110215643
0.360254161544,-0.464782921177
0.255280625034,-0.600203795232
3.38116698431,1.22544650448
-0.0931066542738,-0.103919489564
4.34837227442,0.651493464053
3.66083299022,1.06196042166
2.40537024389,1.32233989179
0.465484448917,-0.948295688167
0.336234750392,-1.03502522984
0.0798417640142,-0.680801421294
4.134421147,1.4097905525
3.31809330879,2.1002862454
2.3655501152,2.24582234012
1.88450743903,1.98268550379
4.57139413764,0.680565618034
1.61466372785,2.56694389918
4.45059895781,1.26874562698
1.43779766831,1.68059670495
2.26788513846,2.5238682948
-0.387551558275,0.359529228895
1.56532076352,1.67405990635
1.36988470634,2.0786060418
-0.270295900946,0.198509431022
-0.790150762547,-0.297079492187
1.18732868183,1.99130474361
0.260334673978,-0.342655494353
3.5480547795,0.550813722296
3.98500632272,0.31113842617
3.92738190867,1.80750196235
4.0969988742,1.25560331165
2.28509025611,1.72603319716
4.11354914412,0.824140901764
3.63312595249,1.81054629586
-0.239620463644,-0.209725126943
0.616945052831,-0.729429458962
2.25699941996,1.75533768664
-0.676078456222,-1.29995012963
2.29242333561,2.19565496246
4.03717496447,0.630309467341
2.29253803147,2.81942267334
2.09129647,2.5610128134
1.91099564675,1.62300068328
1.82174456101,3.01442766446
-0.296348835062,-0.731405284673
1.6366006813,1.66603152726
-0.303449697296,-0.485676248777
4.01407039616,0.958549548389
3.97283687752,0.680031731444
2.28963407395,2.31000349997
0.378734068833,-0.612256361072
0.14851580153,0.501674949282
4.68891955796,1.04160148096
2.06484791831,2.10505613585
4.2011608706,1.04757399796
0.840401095567,-0.939775045944
2.14401436944,2.93562949916
-0.11774045057,-0.582010152705
2.58689625133,2.04716522363
2.43921688642,1.29937973037
2.55858464914,1.92984590641
1.95582745496,1.60102358297
3.46225593763,0.774815649713
0.725594658541,1.51245800288
2.47404788688,1.7464665516
-0.204989626583,-0.492134378439
4.12794153355,1.18693028178
-0.507071613941,-0.828804988789
1.62374987922,2.2889949245
1.3745985415,1.12084464682
4.4293853114,1.24486513856
4.02032463517,1.83670585023
2.06299481032,1.84517946702
0.36653392012,-0.473483484868
-0.173195914132,-0.457541784807
2.87829245552,2.55797324742
1.94940030979,2.40403887794
4.07166271077,0.118652970189
2.30597480275,1.02660605822
2.83486079424,2.63704530178
3.58615718947,2.18932107446
0.325395222182,-0.488924543638
1.18763674012,2.3736737024
4.03086965237,0.877475754485
3.85055397519,0.675355916993
3.38567670525,1.87619438927
0.134207178393,0.0968736535092
0.205837022799,-0.93407540618
4.41570845214,0.940344393406
0.0750030729176,-0.214235853399
0.680997637158,-0.251090571107
2.90309603836,1.50171605177
1.79316810098,2.00161244268
4.01715310008,0.739486837026
3.54728341394,0.630302578479
3.76060278576,0.569683709905
1.50694794696,1.50819652715
4.10091349943,0.244590236727
3.84511159459,0.886280197581
4.08902267553,1.04398786109
0.0827664724531,-0.673470392169
3.83749908937,1.27403305374
3.19114488803,0.52145517783
3.2625367118,0.670009236587
4.00595789545,0.94512478258
3.64426464018,0.591714945314
2.14068528336,1.91294125274
0.234479194404,-0.759104586416
-0.942571382043,-0.444325138595
3.70602188413,1.03533131133
-0.616841992144,-0.110456184733
2.05829953425,1.36731481349
2.04598024712,2.2272476248
-0.23288356913,-0.940473436711
0.160364878728,-0.182042074314
0.0890852804752,-0.0131291516852
1.342217746,1.30304173835
3.52951394932,0.511814773242
-0.465409278803,-0.193282466773
2.13664541309,2.46528064407
4.24039052688,1.14304829376
-0.326518820309,-1.12251377993
0.391033569104,-0.375407642369
1.65024738103,1.86499839038
0.388996289487,-0.833974259183
-0.657779709718,-0.807547895055
1.37359283755,2.26649255674
-0.376955118859,-0.766032396694
2.25290589766,1.54644058852
3.14843714801,0.919984085334
4.06381298762,1.82504591282
4.25494539212,1.0658370007
2.09330032072,2.3416205038
0.0269526074023,-0.595635370147
4.06634548074,0.560140805239
2.06336479335,2.21306971775
0.716746839488,-0.616357684255
1.4015486624,1.84002735143
3.62216539877,0.384289707098
2.80861333516,1.90804747839
4.04735446168,0.958753266355
4.30490066511,1.58823273029
0.126198767392,-0.946905624918
2.4943617417,1.94281977672
1.30597033214,2.3879666256
2.26251560307,2.41697214574
-0.343864765758,-1.14700616321
-0.244287664208,-0.312777479182
4.68344170163,0.472977792347
0.418277300166,-0.237998933871
0.369144808768,0.111976843756
-1.14884541713,-0.205871632052
4.56725598027,0.954822923469
0.0173837483281,-1.24552179604
4.58890093856,0.988390648785
3.87301185549,0.478808566667
2.23242834993,2.18418274849
3.71167342411,0.489559782825
0.146191327108,-0.0512969086437
3.87795669705,0.407271345037
0.172229593506,-0.515409026239
-1.1966275071,-0.227156214038
0.224410623709,-0.0284125298144
4.39105285427,1.08288156912
-0.155812251441,-0.857586344482
0.386065765932,0.0134958399959
-0.0857940721116,-0.677682281315
2.1164589053,2.46810753391
3.04547059979,0.172519028309
4.56598489787,0.0610142592608
1.75019314453,1.9223829573
1.76523656377,2.3499232766
1.96294535894,1.78416964322
0.905065506658,-0.520067941905
1.54439428127,2.56275642464
3.23843330314,1.32820585583
1.94826720518,2.22313280103
1.59406761286,2.14444975978
1.12374017621,-1.51039474177
4.03043540353,0.791640210651
3.93305523149,1.04320189224
1.93589845905,1.41105641859
3.7184993342,1.44646157283
0.683997687345,0.273815188337
1.45888611131,2.18724483549
1.24187196851,1.77526245754
2.30268652336,2.11692462275
4.39650899369,1.46484513753
0.123532360976,-0.900911787348
4.23546778241,0.758087484149
1.54853040939,2.07858331002
1.56488101019,1.22072089409
4.39193280198,0.604913222559
3.43633299632,0.736155988655
0.0229294246551,-1.30740317217
4.38024802135,0.695982777566
-0.361534348878,-0.810297399988
1.7313872997,1.89966836766
3.62386476963,0.576057885007
3.95544625992,0.527205773536
3.92194124632,0.77048670711
-0.305111601704,0.084030605793
3.25112215668,0.943043800762
4.33837596445,1.25334537336
1.66826667369,1.69475157296
3.99547458766,1.55710312118
0.832975145866,2.04376289464
2.44204714271,2.46685015853
4.23081258107,-0.14355746346
1.65314706468,1.78361959661
4.09228898135,1.5226902116
-0.291231644331,-0.28748878246
-0.289628281275,-1.5005314185
-0.302607201499,-0.661798922693
-0.362531928393,-1.00324036594
1.75214025843,2.35641867429
1.95892984112,1.81929319602
-0.30928456672,-0.552863545888
2.07846787192,1.01284249174
3.75272565416,0.5056431726
3.67602676054,0.597891518959
4.36092328243,0.169060608251
1.66473955244,2.45551722953
2.04605113108,1.89915843482
1.9466360194,2.21976676569
4.85727863825,0.993350251153
2.14551043917,1.38377399418
1.16789117273,2.63447846228
-0.0709501572737,0.515525573784
2.20154134885,1.6599121578
-0.313346994237,-0.630678695362
1.8298198789,2.38380009377
-0.739334382089,-0.682732308317
4.51675776131,0.590117330063
1.82821921074,1.93124249147
-0.00705695022115,-0.427582324266
0.534613406559,-0.357375824634
4.1001084238,0.96023101456
0.222183799807,-0.552246772565
1.1387896829,0.971525248045
3.83982182813,2.14310422934
-0.182673777235,-0.174034172809
3.66004177314,0.459459316442
-0.520809866636,-0.640531513007
3.93579052957,0.447563610815
2.30580553959,1.80929528815
3.33343931701,0.427348839235
3.659577912,1.13568132583
1.5442970943,1.53771640532
3.86876110614,0.216539736238
3.25509518276,1.06914000737
1.97435942526,1.82171654986
1.27917157157,1.98294182247
0.0896850886034,-0.522771593433
-0.268792231034,-0.607064778381
4.2718615332,0.266687378763
-0.871325912631,-0.415049631443
4.04720822429,1.06026081518
-0.784060289014,-1.08645923935
3.34911052121,0.796442375994
3.60437771702,0.896004276583
1.95767189734,2.17890434703
-0.282639401839,-0.716462203307
0.593611594336,-0.897088468347
4.72012051844,0.915024348902
2.32722869151,1.982492612
-0.52028209432,-0.148460854231
3.54985134297,1.75329356815
3.78816587582,1.12275837529
1.50501313659,1.81804150117
4.25580651352,0.850234705817
3.63379248255,0.347897075168
4.71449268569,0.710534079195
4.12870563714,1.44035528385
1.13881579811,2.29860270947
2.42236331131,1.54133698272
4.41094086591,1.99508694996
-0.156560467197,-0.429642963903
3.86464725559,0.70272613271
4.4765622645,0.539846023933
4.46759339817,1.21559285084
0.142722281832,-0.265981723443
3.80600664812,1.25773811509
2.55912226077,1.45360222339
-0.0109467559795,-0.832113909143
-0.0406719032746,0.115418757913
4.25168454163,0.521336984039
4.71316923731,1.29158550595
-0.198415184532,-0.626159972833
1.77580477164,1.8058635465
2.4091348229,2.0363239507
3.81447771043,0.818443367461
-0.224557487097,-0.49039194927
0.00550439263747,0.206166826541
2.48720252694,1.93268472425
4.75116286287,1.13589514466
0.512730308044,-1.05567161916
-0.422046104018,-0.305101421082
1.77957730152,2.29646096376
-0.293532119971,-0.734535190535
-0.0160956323371,0.571335408049
-0.408943460682,-0.69094292944
3.98232940403,0.572980235118
-0.0126820027524,-0.307250658261
