3.54760965744,1.045633216
3.16789117273,1.63447846228
3.86478454649,0.840237071025
0.276335716656,-0.0850069977951
1.963303169,1.75112214002
4.36803782403,1.10719008641
0.424370739295,-1.73285472524
1.96023209387,2.12045190201
1.76377725969,2.12348764788
-0.223246050292,-0.533662242206
2.37689656137,2.88239636563
4.17566422458,1.71483881099
3.83982182813,2.14310422934
-0.140198639457,-0.474725595997
-0.463470877489,-0.657474514065
3.87445827761,1.23842520256
-0.0160956323371,0.571335408049
0.329246517164,-0.529469768815
-0.164497990494,-0.0778583565925
1.94213560236,2.20493899592
4.134421147,1.4097905525
2.0683552381,1.74024846938
1.17916420156,1.73958116915
2.16599991841,1.87115677364
3.98716200857,0.853871380713
1.69170635885,1.68071554518
3.61403381963,1.06095459844
-0.402959952537,-0.325893875963
-0.29702534406,-0.420881471017
-0.266131200514,0.00598863302967
-0.581785609376,-0.379827108793
0.0571104417166,-0.31910478645
3.70675470592,1.22716695535
0.424110653649,-0.620417635806
3.04822479317,1.63241444743
4.0083823168,1.47444623871
-0.341041887191,-0.522537842428
0.214604266015,-0.433197688379
3.84979406784,0.990941903255
0.455329094847,-0.796077970143
3.25785236151,1.62935294146
2.07644508191,2.04087166717
-0.0756964002452,-0.329940454218
4.04717251127,0.553034252153
3.76482126262,1.46933991759
1.73415928119,2.43738663224
-0.764147618745,-0.325723786072
1.97159154501,1.63043071651
1.82334473392,1.5085019264
-0.0263639480102,-0.642894392269
3.62216539877,0.384289707098
-0.295408653737,-1.77554952737
0.596256323799,-0.4076003463
3.93023388635,1.0297271178
4.14551043917,0.383773994179
2.47199623239,2.25587487472
-0.203086366696,-0.380440411265
3.67992140998,1.50758048122
1.30568534878,1.81920631604
4.09324782703,1.26260646711
4.22604770803,0.611979850111
-0.3865375748,-0.904523970409
4.74727340195,0.362528432908
3.80490055027,1.01709820605
3.93579052957,0.447563610815
1.64103375803,2.2112175014
0.463020971668,-0.532529153402
3.54728341394,0.630302578479
3.97283687752,0.680031731444
4.00342787424,1.39908910896
3.28787748491,2.00962085256
2.09159286518,1.06200553909
3.65156721378,0.878774599697
2.13779152834,2.16366405172
4.17509228599,1.52696847908
-1.14884541713,-0.205871632052
0.0930107302686,-0.26103087186
1.7313872997,1.89966836766
3.45888611131,1.18724483549
0.0393891619148,-0.077563905943
4.50277755956,0.296242914322
1.58581656555,1.92787120081
1.19010296834,1.50288943376
1.68101758094,2.65318760764
-0.0249086466101,-0.618771806867
3.79406173257,1.16731498667
4.50940231015,0.747558548591
4.22580988921,0.974755236997
4.38024802135,0.695982777566
2.55912226077,1.45360222339
0.840401532192,-0.0922799037761
1.66554760699,1.82215007037
2.13219843984,1.60556066685
3.56436304705,1.21468064156
2.17909924548,2.10700083505
3.61514179424,1.56574884287
4.0084563063,0.7328001485
2.26363286262,2.51137463489
2.72559465854,0.512458002881
4.15409230808,0.899458249512
4.27121844539,0.732407603626
3.51429557529,0.948598501847
0.485188786671,-1.65163309985
4.07166271077,0.118652970189
3.4879584571,1.32041016021
-0.516424925179,-0.661151333966
1.84021259489,1.66179395444
3.79214778309,0.718079399583
3.82093955563,1.35216049638
3.64886301707,1.1220007584
2.02881088906,2.31728649567
2.24977157408,2.29516598512
3.86232134121,0.802686493884
2.06336479335,2.21306971775
-0.0205667822971,-0.400771554909
3.64981741534,1.78154873064
-0.210080495724,-1.13760775091
4.17294553235,1.45437033467
4.60417990473,0.667028866166
3.97287060986,1.12513647159
1.3670931552,1.92132948277
1.77957730152,2.29646096376
2.13739433976,2.46087421975
4.20578934102,1.43305378517
4.0120322722,1.08255261411
3.63312595249,1.81054629586
-0.190041670856,-0.452878686755
4.41695123544,1.25113684628
-0.0702107509488,-0.027908065436
5.10305337358,0.904957307366
1.8846952859,2.38594785956
0.409580508642,-0.357251803164
4.84000741675,1.34086074853
3.96169797887,0.746064535014
0.360254161544,-0.464782921177
1.49303475836,1.57078801088
4.34680287451,0.941302119798
4.71316923731,1.29158550595
3.63379248255,0.347897075168
1.61466372785,2.56694389918
4.63893878749,0.565702026371
4.143744325,0.937999353571
-0.469408274116,-0.885685184902
-0.611901326477,-0.518630365201
3.67423208317,0.496167294844
4.58326744039,1.27740669068
3.87939559747,0.776526305622
3.56039707597,0.734689034855
4.22347683932,1.45545993542
4.24229665016,1.2175038333
0.044270058067,-0.328362685606
0.0890852804752,-0.0131291516852
-0.229343481788,-0.697133435725
4.39833439354,1.66319416681
4.05920828556,0.367497978674
3.40921764645,1.63669336117
4.12815576961,0.860780083202
4.72383497018,0.747289562679
-1.1966275071,-0.227156214038
-0.305111601704,0.084030605793
3.89231653399,0.888942898995
1.50521078316,2.03915062358
-0.342951530365,-0.899501061486
3.5057697559,1.25767600887
1.84597194811,1.81806751072
0.553630806327,0.041070931953
1.42363697863,2.74774333753
0.253803840783,-1.0780485341
4.23081258107,-0.14355746346
3.98353121819,0.962099516563
-0.201674413206,-0.792202067479
1.58909530809,1.9196944333
0.832975145866,2.04376289464
3.99733266738,1.61472703078
-0.759703512497,-0.550609692152
2.93251275782,0.378214745727
2.27027234078,1.99403737943
1.75214025843,2.35641867429
2.18767425005,1.72645942322
0.127925851863,0.284200951295
2.16836209901,2.58961907152
3.90029152081,1.19091367815
-1.06387821771,-0.490849618233
3.69418313086,0.746056940643
3.81984303324,0.33745468219
3.5480547795,0.550813722296
2.51321979088,2.07777110395
3.09120696158,0.557105948977
2.05897450215,1.60440679448
2.062921969,2.7824857436
-0.639863942238,0.399080235888
1.71863933485,1.66857897282
-0.159044286941,-1.22741338489
2.35268502215,2.85560302333
4.14660982614,1.05614628447
3.659577912,1.13568132583
0.73421884239,-0.330008373621
0.311192437982,-0.187362885355
3.65401787815,0.473906913705
2.4773217497,1.61294200567
-0.139898777264,-0.456169925179
4.44470825818,0.768743672374
1.85025855594,1.90819645739
2.3655501152,2.24582234012
2.26999403442,1.65422750632
4.47438005902,1.42787516365
-0.0497432957546,-0.0409222797279
3.63607711061,0.50314420639
1.18763674012,2.3736737024
4.20987080847,0.957523372115
0.659960422008,-0.116351627242
4.28013361314,0.715963626214
-0.524317428353,-0.0946280808706
-0.0931066542738,-0.103919489564
-0.464689395851,-0.696536751856
1.15709615194,2.7069341189
1.53971523164,1.48218859808
0.423412926559,-0.317658163855
4.64420549085,1.65799637685
-0.47184883428,-1.13900807173
0.0205913327857,-0.584232732512
-0.323973239464,-0.902108481041
1.6958487377,1.81405233724
0.105669686677,0.459469034757
-0.422541707705,-0.042340553864
1.20699699611,2.37373281607
4.0969988742,1.25560331165
-0.0976273064715,-0.299573037097
4.18299568936,1.54076403505
0.415708452141,-0.559655606594
-0.548072330217,-0.637233637034
4.3497746337,0.869031341527
4.05073207356,1.29577046064
-0.135352744414,-0.79727386729
-0.0307087223961,0.271004224742
0.0825026396659,0.251924364755
3.59663362485,0.116770595887
3.12544441692,1.22873463352
-0.391858717132,-0.760482349144
4.41094086591,1.99508694996
3.78965154567,0.612930976784
-0.215845116304,-0.220838765745
0.440432092848,0.508401939641
1.87379849834,1.46887147714
-0.737463288205,-0.829990763413
1.58571813214,2.4148706619
1.93467339011,1.75865036546
3.50073510086,0.753616854694
1.44625427946,1.77189202332
4.01142352198,1.27467629394
1.48520868518,1.67619176484
1.80021799593,2.18819150689
1.926470486,1.92966343925
1.76659459072,1.87247100149
1.25088588227,2.19367049815
1.95903529946,1.17696051412
0.288059186744,-1.22763021994
0.632045481723,-0.434101653285
-0.317214608628,-0.19401132009
3.29890066232,0.771834353606
3.87131838183,1.67360994708
2.43483760054,2.0946041476
-0.229862311906,-1.03128448286
2.55029485117,1.06107048702
2.25290589766,1.54644058852
3.37880616146,0.75883844725
2.28547400294,2.73317409648
4.34514570275,0.538296736768
0.369144808768,0.111976843756
2.35724616304,1.68535312441
2.8985447007,2.47393995414
0.549623231757,-0.586778822845
4.54443255688,0.367252852874
3.84942027732,0.60419930621
0.268607916562,-0.944279012056
1.76523656377,2.3499232766
3.71074709674,3.0418267853
3.60640186511,0.692019299737
0.299872386914,-0.707323904325
3.54704842084,0.0355113706426
-0.515700191928,-0.478820257404
4.03038258573,1.34992186206
0.323992678564,-0.99630779583
0.419331768351,-0.347015757289
3.56927885578,1.45628746935
0.432312029307,0.0980782809429
3.9928993523,0.778721451394
3.62239176872,1.44555462275
0.198464808273,-0.41954321042
4.7586065362,0.258379207135
2.42236331131,1.54133698272
-0.312555536879,-0.567335543147
3.16413252778,1.17216916153
0.49335608055,-0.605397110605
4.39650899369,1.46484513753
4.81020824311,0.462203301941
3.93356316347,1.50931538057
2.04598024712,2.2272476248
1.90776775172,1.92169692312
-0.733589256135,-0.291747985013
0.0248271096511,-0.365460144746
1.76483965631,1.86179072593
4.49666228086,1.18023880807
1.07241514869,-0.0749842308543
2.48720252694,1.93268472425
0.789743769184,-0.559844790039
2.22989366985,2.59136949522
5.20625687835,0.909636168702
1.97745164354,2.19423523377
1.5801149716,1.89255065742
-0.413102146419,-0.386376517815
1.69321451433,1.72502033848
3.71695868158,1.48153263043
2.83569602139,2.18660341997
1.59616572337,2.60130579087
-0.100114654609,-0.886513958513
0.138749060682,-1.12013756018
1.59505108547,2.2169362739
2.30222745742,1.56162465423
2.14401436944,2.93562949916
-0.48183867968,-0.025496722881
-0.361534348878,-0.810297399988
3.96709615932,0.416179154819
4.44263628811,0.961473270596
2.19490342825,1.90541503379
-0.432226971735,-0.856902813218
-0.413601050191,-0.413260767921
2.10030761883,1.02918963193
-0.458118843879,-0.535034640173
0.0222727417425,-0.277773450674
2.30476066239,1.98564001596
1.97293795152,1.61022404045
4.34594678998,0.810402585704
3.66004177314,0.459459316442
-1.02987901801,-0.38683201324
-0.0601657018508,-0.0150152873107
0.347963839831,-1.03274628809
3.46225593763,0.774815649713
0.0967345157817,-0.456251345599
-0.383278138764,0.320225620058
1.92023902271,1.82920064571
0.20168787799,0.263281707773
-0.332803348376,0.194356567933
1.01668902781,-0.519015718247
0.275367236729,-1.10367352651
-0.530621068787,0.0856426322491
4.18803416645,0.981991573592
2.17505096329,1.84724555534
1.80218740228,1.35355638833
4.5324038008,1.32350372449
3.5800076919,0.98448622926
2.53002327712,0.96267491523
0.182886972154,-0.586929515697
-0.474582808793,-0.130888473204
-0.640827409042,-0.721993947513
2.40537024389,1.32233989179
4.33837596445,1.25334537336
3.77962373993,0.874316498825
0.623367696025,-0.636394214041
4.10758918617,0.726450649173
0.847417813675,-1.10649157751
3.74552598713,1.21421412255
2.40171866879,1.78687817437
1.12374017621,-1.51039474177
-0.0386688451372,-0.412568177879
2.13664541309,2.46528064407
5.11979872645,1.76318628986
1.5466003059,2.2550912176
4.06960097514,1.46870577497
2.00105896902,1.32380733642
1.91535961788,1.53391352321
1.82174456101,3.01442766446
4.60137378205,0.945981495057
4.06786819285,0.885038146216
-0.599495244568,-1.3858811104
-0.507071613941,-0.828804988789
4.12359124163,0.728370803791
4.22742412236,1.16166212043
4.3392395576,0.600315305012
3.87542965235,1.50575738753
2.11913244099,1.25216823475
0.906327069713,-0.638044599212
-0.303449697296,-0.485676248777
4.20124543935,0.722745494504
4.1240499472,0.681226726448
-0.520809866636,-0.640531513007
2.2979024149,1.84660651524
-0.1828364087,-0.888820245996
1.1674910645,-0.681814532233
2.58169070946,2.68169703225
0.645008626297,-0.311720894911
2.50218943761,1.58575782661
2.24999552138,2.19778504528
-0.328070096458,-0.411549169672
2.18552252225,2.24182853609
4.01848700176,1.26705966382
1.41663782528,1.958139135
0.952555959668,-1.22489528155
-0.268341317303,-0.523655283321
-0.606566440183,-0.842708024715
4.0327050546,0.907374688652
0.289491509278,-1.20678053389
3.50774722447,1.09260856168
0.426263385498,-0.569754541891
4.01715310008,0.739486837026
-0.4369970567,-0.358332257968
1.64833190347,2.26903694504
1.89125607682,2.07139336853
1.30318802717,2.59014220686
4.2248411298,0.45159227651
0.340083130003,-0.742609686539
1.97957748613,1.97608774725
2.17818929501,2.81517756717
2.67397176229,2.25437024114
4.13278410249,0.5055541945
0.494846818149,-0.205131321175
4.10230567756,1.72641229628
4.46759339817,1.21559285084
4.21619102325,0.564316271242
4.58890093856,0.988390648785
0.369713570422,-0.497618309165
1.75638818521,2.04118487605
0.96730854069,-0.54060973235
4.00066195011,0.654982815458
0.973456177176,0.101437577246
2.06847963901,1.83164315588
1.84674798428,1.41355096279
3.38567670525,1.87619438927
1.55980072271,1.31464993872
2.3894863358,2.57332004208
1.59164030836,1.91341810649
4.29968521573,-0.140549507938
1.91738415644,2.14633942161
1.90686148628,1.74651078833
-0.0126820027524,-0.307250658261
0.281354152962,-1.22092594502
0.100108423804,-0.53976898544
4.18878584879,1.41599530988
4.07041431563,0.902645209767
3.70882591313,1.07705959532
3.78962807185,0.611878015124
-0.60678588949,0.0692424984353
0.316849959964,-1.17305578232
2.48716611671,2.16560164668
-0.527905532301,0.374629533542
-0.139055836071,-1.25420171285
3.93369085094,1.47691283272
0.124020303293,0.145772224055
2.0503425786,1.69593358548
-0.24087157404,-0.488567656227
0.716746839488,-0.616357684255
-0.0302740240153,-1.09327814134
2.28711081507,2.15301106922
2.75018838456,1.51828028865
3.17648715231,0.686874196293
1.64887405922,2.65431608698
2.09330032072,2.3416205038
4.68891955796,1.04160148096
3.95200629685,0.7780535258
-0.176575049167,-1.87076437466
-0.307804903982,0.246797858285
3.28384845604,1.0014499974
2.14131156132,2.16779420398
0.0750030729176,-0.214235853399
0.530450807022,-0.580966176116
-0.0279239066093,0.0666252083249
1.8455442255,2.03184833416
3.81929910498,0.789185779894
0.832316061006,-0.59637499529
-0.650223089583,-1.04474434736
2.24816309606,1.63436777922
0.0178950305639,-1.20514761989
4.14360328004,1.13826915123
1.22931680479,2.27582856568
3.89546769677,1.32801844032
0.158767472922,-0.568748490595
3.27786766156,1.65642163735
2.36847771767,2.06322315835
2.06257886764,1.61404840794
1.75652894814,1.95885302094
1.70666457503,1.20136483317
0.16539520321,-0.414359799083
3.62416328941,0.573966815069
1.26528735523,2.33017556953
2.22360191518,1.70073127183
-0.361413624304,-0.708951961146
3.55298738106,1.91893246742
4.38273880759,0.62239411423
0.130104227375,-0.314208130799
1.95892984112,1.81929319602
-0.195819098275,0.332168677816
4.19016116752,1.24636625745
1.84587851439,1.55025649255
3.78388793425,1.42124839755
3.65314706468,0.783619596607
0.0727016702572,0.203532135263
3.90627170361,1.70846705686
0.34499843174,-0.339668232137
0.53162037058,-0.784356691102
1.86450734606,2.24164456151
3.75272565416,0.5056431726
0.051816542913,-0.670616403296
3.78617120238,1.57282918701
2.22250044938,2.34262602537
4.80861333516,0.908047478394
0.0269526074023,-0.595635370147
-0.6933586565,-0.47153210261
-0.403830417106,0.0906116652134
2.37777080254,1.92173153136
-0.0857940721116,-0.677682281315
4.41274969395,0.974330709552
-0.0109467559795,-0.832113909143
4.85328200288,0.640096237726
2.06484791831,2.10505613585
4.47026051898,1.26956778687
3.73484695607,0.798190747208
1.77333075318,1.73584267017
3.54470166215,1.03823566167
2.45547573283,2.62288402606
3.43309569547,1.01287922688
0.259465867477,-0.59373444001
0.388583846272,-0.862139183287
1.97024814832,1.80987557743
1.50903516018,1.94291485717
2.5125382148,2.44227854892
1.2287380747,2.18228612293
2.10630147031,1.66133797205
-0.355735359825,-0.908285054686
1.29709354618,2.45274818019
2.09129647,2.5610128134
2.0678141647,2.31298324017
4.81365931476,1.19648731358
2.24785487635,2.26794042054
4.43225075101,1.10162821537
4.3660535103,1.21298076771
4.0389036358,1.11146787031
4.07229753542,0.571309771233
2.01267644294,2.89026771495
4.26251560307,1.41697214574
-0.162719676352,-0.0209366887425
-0.529933033117,-1.01308833542
0.0937237401346,-0.0605124335823
0.00947790960393,-0.455245494336
1.65659789209,2.6833173166
-0.739334382089,-0.682732308317
2.00461601763,2.81065214388
-0.399503586434,-1.3913584107
1.87855348989,2.57020892328
0.272304037837,-0.0969998065019
0.353847582949,-0.709888593531
2.48268622127,1.48764445836
2.30597480275,1.02660605822
3.19127592307,0.638986072721
-0.756548196972,-0.900037111143
1.57226692455,1.7912016095
4.10802561818,1.04507173364
3.14843714801,0.919984085334
3.97746281134,0.620372977059
2.01979798015,1.85714200228
-0.313346994237,-0.630678695362
1.57692953366,1.82156431744
4.20526886612,0.839089435614
4.11376157744,0.816393380932
3.93589845905,0.411056418593
4.65511357833,1.02497150145
4.39572547386,1.28594103695
1.24142237729,2.05286374459
1.75019314453,1.9223829573
-0.177853042194,-1.02173923238
-0.174091881083,-0.729631732835
4.31661349959,1.4181153165
-0.587937083281,0.246158805828
0.669713487208,0.353150129214
3.70602188413,1.03533131133
2.53073899154,2.37648619422
4.23546778241,0.758087484149
2.29253803147,2.81942267334
-0.191098486095,-0.873484068892
3.25509518276,1.06914000737
4.57139413764,0.680565618034
-0.0469545711726,-0.944600874122
0.260334673978,-0.342655494353
-0.089279503569,-0.45761346486
2.8592041815,2.748742906
3.95355426184,0.526874320603
2.25692742793,2.48253529128
1.9466360194,2.21976676569
3.62386476963,0.576057885007
1.78337331918,2.62867938559
4.08536617544,1.76615656851
2.34984527021,2.00681605353
-0.632683312321,-0.765525940641
1.43014579537,1.97232735607
3.62551628463,1.07755261265
4.32959080439,0.831149919658
2.20154134885,1.6599121578
0.234479194404,-0.759104586416
-0.269394271615,-1.00215364368
2.51504909088,1.99155482501
-0.181429626138,0.0501002816721
2.37175656879,1.97400954873
4.70065451869,1.39781223884
1.54013900401,1.48230300358
0.27367039242,0.00173304532633
2.07306336682,1.99536890765
3.92700169859,1.34624358018
0.100913499435,-1.25540976327
-0.470486050681,-0.988185226758
2.75751527656,2.55832680748
2.25962056867,2.36825917887
4.36438332887,1.48596904771
1.97435942526,1.82171654986
3.99324771084,0.948964766211
2.56340089224,1.48488831594
2.31439260544,2.23473135226
-0.228382920746,-0.973346046148
4.40502440924,1.81100900341
1.56527156673,2.97200589877
-0.387551558275,0.359529228895
3.66660998311,0.726268982463
-0.430175250222,-0.655691799065
3.65225265266,1.39692546971
3.35787804156,0.580343396546
0.244490351124,-0.302430669048
4.63988900168,1.20536351357
4.45955113443,1.3189128729
3.84511159459,0.886280197581
0.179570855538,-1.74766674039
0.344023853865,-0.620767730844
3.86876110614,0.216539736238
3.9782449193,0.726354434372
3.79843832271,0.910578222248
4.49423659333,0.937972369632
-0.291231644331,-0.28748878246
1.82687696656,2.25245129982
1.29271216813,1.98746822877
4.06381298762,1.82504591282
0.122026583087,-0.860673598427
3.34664251176,1.1719912545
-0.208618188591,-0.283333336802
4.08678878,0.479342223633
-0.356528997813,-0.739222658605
3.71067135099,1.06755185215
-0.424965820871,-0.392853583475
3.65024738103,0.864998390378
1.62374144293,2.81476179226
0.142722281832,-0.265981723443
-0.0763912322561,-0.560359752246
1.86376429239,2.44535574887
4.20015161308,1.4600765451
4.79859635244,0.823081062361
2.08972868276,2.87559262609
3.54177430349,0.705443439251
0.310418174041,0.0858308033042
5.04435992768,1.05269089247
3.63388180131,0.765261320513
-0.337360655116,-0.485236063574
0.178203020698,-0.991877678929
2.00267246647,1.52799483284
3.77580477164,0.805863546503
0.689750646461,0.161211446455
1.5837981171,2.14828509898
4.33459908198,1.09466171498
2.33471006919,2.26646709085
1.98082913218,2.17472996629
2.73900874072,0.465209010288
1.81619505575,2.49704948966
-0.453074288535,0.25670952232
-0.309526924963,-1.04633483139
0.235474497239,-0.57719584905
0.347305748046,-0.129423130716
-0.534986666003,-0.728067359434
3.91519791304,0.470874255428
0.312197918711,-0.571808047166
1.58885496178,2.81802188597
4.60661610119,1.40846445909
0.208408648193,-0.374406906023
3.32065227727,0.875173873716
0.125966069569,-0.544167675339
3.54439428127,1.56275642464
4.02875328624,0.276705928345
4.56598489787,0.0610142592608
-0.0531738203079,-0.806080191799
3.83645299895,1.35057304906
2.3301176907,2.90533891841
3.97969901334,1.03560477577
0.374692832759,-0.352820205896
0.0303715157584,-0.492647862149
2.67806032803,1.82311562189
2.42205111743,1.61604268208
-0.419733409857,-1.0683807571
1.71827377765,1.40141251445
4.31461126917,0.865558179744
2.37434500328,2.00308753934
2.43881228476,1.4017985438
4.06634548074,0.560140805239
0.0148903880124,-0.884372567366
-0.182673777235,-0.174034172809
3.80708407049,0.712971749587
0.776144286055,1.50652921381
1.80685581651,2.6188514392
0.905065506658,-0.520067941905
3.85055397519,0.675355916993
2.27861971472,1.15655892647
-0.387118103381,-0.35226441725
2.40824219068,1.61955139607
4.00788202598,1.14563159407
0.596907739065,-0.934072890893
0.0896850886034,-0.522771593433
0.0203103069444,0.552831162709
4.24417485257,1.32217250205
-0.352183120122,-0.549675184562
4.29251888787,0.836123585988
-0.18058401231,-0.642494882773
2.48166200764,1.67599935592
-0.584409024973,0.0742339057028
3.23674092993,1.32858258901
4.85727863825,0.993350251153
-0.82938129757,-0.715088301818
1.3745985415,1.12084464682
4.6306855372,1.07129523105
0.224123582107,-0.511786506805
2.25063574258,1.21869118806
-0.30928456672,-0.552863545888
4.73199230304,0.904852769119
-0.244287664208,-0.312777479182
3.65693730847,0.34887684936
1.62374987922,2.2889949245
-0.616841992144,-0.110456184733
-0.0443036359914,-0.798565228863
2.02128702502,2.10783076134
-0.657779709718,-0.807547895055
2.52832783421,2.239009118
0.302532640656,-0.316642173692
0.146191327108,-0.0512969086437
1.92921262027,2.12430793341
2.04762558963,1.6127706138
-0.293532119971,-0.734535190535
4.38659688675,0.635668040782
1.52983265628,2.3554572238
0.940861820139,1.54768500607
4.1085417839,1.50750263356
-0.0457637735497,-0.491324276969
4.1129491522,1.47464106633
1.77226554976,1.69019923758
2.32722869151,1.982492612
3.77008321845,1.34862774358
1.8844086362,2.13206212894
3.81141310324,1.1786978064
3.38213085207,0.519516095041
4.86140336368,0.250319765441
1.6089150863,1.79379688083
0.32865830567,-0.00293968689284
1.88450743903,1.98268550379
0.224410623709,-0.0284125298144
3.82533061338,0.973032398798
2.06897981111,2.31235791866
4.22800106171,0.71999853771
1.60219337161,2.5553648161
1.73503406021,1.92523108898
2.43467125331,2.64017213704
1.68904108407,1.00752259024
2.29242333561,2.19565496246
4.03717496447,0.630309467341
3.80600664812,1.25773811509
3.81447771043,0.818443367461
3.43633299632,0.736155988655
4.08672804842,1.31339740303
-0.0832741519542,-0.863441819427
2.5519987882,2.29985954401
3.85377926876,0.679912138116
4.12870563714,1.44035528385
1.98427158993,1.07912308869
1.97530031686,2.2351509209
0.0166525748596,-0.15444391652
1.27114194558,2.25768215774
1.57630444611,2.11462199151
3.88481904885,0.843379129161
4.69980131443,1.27599680185
3.04547059979,0.172519028309
-0.367871893927,-1.13060628187
1.30597033214,2.3879666256
0.0798417640142,-0.680801421294
4.58643143274,1.05784134259
1.67760012909,1.77217691007
-0.326518820309,-1.12251377993
1.69952456409,1.9948000159
-0.00501552532883,-0.494825495058
-0.0189771530808,-0.629099236575
4.24935741025,0.698443346023
2.23065300414,1.83839753222
3.90959161006,1.05513909294
4.39105285427,1.08288156912
-0.100916520413,-0.636012378705
0.00465719155483,-0.175984808296
-0.3464622335,-0.257337863919
3.56241869979,1.60579948295
-0.41077000145,0.00265732964313
2.1164589053,2.46810753391
2.06243536308,1.42655628452
3.85304756004,0.996305552979
-0.0611773653052,0.0116011131712
2.48642600143,2.40021915867
2.18363359221,1.26649880704
3.55051804176,0.666938444167
1.56488101019,1.22072089409
0.672518045021,-1.43149326126
4.72012051844,0.915024348902
3.38667657376,0.64370956796
2.26627713882,1.78569900366
1.57792358213,2.12317825229
-0.224114602812,0.368289424218
2.37979501101,2.15433944204
-0.395622282976,-0.603995723417
0.640342573432,-0.32176103677
0.981352864534,2.16875896392
1.28350521726,2.01538539534
-0.0585481293872,-0.457721046776
0.502787391991,-0.733505091991
3.76060278576,0.569683709905
2.57755476632,2.26907592113
2.071636295,1.55535649041
1.97993027327,2.11705980722
4.30580553959,0.809295288153
-0.0497202322797,-1.24731491534
-1.06631410735,-0.111176464776
0.512730308044,-1.05567161916
0.365703318949,-0.23573327927
3.99547458766,1.55710312118
2.06121404782,1.62275997994
2.59741453378,1.29000341503
2.12563842163,1.83032695718
-0.282639401839,-0.716462203307
2.13310058983,2.37916495841
0.133529927622,-0.126506228414
3.13881579811,1.29860270947
3.9412208218,1.6303100655
2.18643807527,2.05578183209
0.243348113385,-1.31813493367
0.437641105114,0.460240711242
3.78881016867,1.39406305545
4.23242834993,1.18418274849
0.614039331646,-0.810252133047
1.86103869079,2.08940283657
-0.0277371234775,-1.14473097047
-0.198415184532,-0.626159972833
-0.159297260064,-1.11872808204
-0.091303578345,-0.549447250689
1.27917157157,1.98294182247
2.58958843274,2.04114657494
-0.098793462749,-0.987816479302
-0.239716256391,-0.00916261950447
3.24187196851,0.77526245754
2.59435747376,1.41859943703
3.87329105614,0.73477598411
3.73703112611,1.1645161571
-0.383663631227,-0.489668109976
4.08694609896,1.58380394009
4.15220146316,1.29330156777
1.1387896829,0.971525248045
0.347712676696,-1.247719231
3.94940030979,1.40403887794
-0.0589743051936,0.00988594580187
2.38835771892,1.73463599194
4.09327183614,1.13847965861
4.66905211334,1.01925087395
4.78328325065,0.8679317253
-0.100172556427,-0.910885648119
1.50501313659,1.81804150117
4.45059895781,1.26874562698
1.88971320999,1.6495960373
2.42155784731,2.3466488957
3.4148439255,0.638267318186
1.84546196116,1.61875541992
2.67973612939,1.74283471323
-0.285444942156,-0.663233524694
1.33831921919,2.45469239891
-0.450096906325,-1.19514699355
0.782492704855,-0.052522523908
-0.385447188705,-1.19371432985
3.98656474526,0.946823147035
4.09685821044,0.547135515245
3.77689202745,1.54745997118
2.24097975638,1.82019401285
0.630605174081,-0.684671807146
3.36988470634,1.0786060418
4.77566332405,1.32085730337
-0.0931251197508,-0.805142957354
4.68023770745,1.76791071127
2.04799353253,2.68355147597
4.082542891,1.1295619445
0.18105373853,-0.808164540923
1.48141292197,2.39970439552
1.94139957509,1.91476193203
2.39883193758,1.97513345192
4.49657669503,0.741134802337
4.97702422719,1.29793343005
3.91769275861,1.40331179141
1.76790955462,2.56876859106
1.20048904148,1.5793476382
2.2526524593,1.43318172404
4.00851494675,0.963084631085
-0.795842302805,-0.340033193265
1.87736026318,2.33188468104
1.96294535894,1.78416964322
3.31475435927,1.25063385426
1.3999959745,2.16550280491
3.17282046715,1.29386677753
4.01249295923,0.808506004253
1.85104522847,2.20262997379
-0.296066741642,-0.0640028126466
-0.234710855097,-1.03310896569
1.66473955244,2.45551722953
4.39452704816,0.177889879763
0.414633779015,-0.292633485283
4.63128013305,1.15113012463
0.166871250576,-0.436072187666
4.43921688642,0.299379730371
-0.187864807448,-0.993873494647
-0.173195914132,-0.457541784807
2.17656844745,1.70548107267
-0.296348835062,-0.731405284673
0.418277300166,-0.237998933871
4.4765622645,0.539846023933
0.647075578247,1.97877535956
0.0638789234944,-0.643697787715
2.04889169166,2.01985809446
2.6960023272,2.09648270597
2.24743559028,2.000404967
1.6366006813,1.66603152726
0.371050748804,-0.260969735059
1.59250889215,2.11926827101
0.158301049807,-0.329344009909
1.7406911827,2.25857401278
1.27395964483,2.20908907949
4.24305536188,2.03071018174
2.2095151359,1.607528721
4.02032463517,1.83670585023
3.61245300097,0.770682190174
1.45854044508,2.53011405581
2.5980323364,2.0980565242
4.2893745454,1.2647012181
0.342466976316,-0.445246242578
-1.0078218264,-0.319325425209
0.19181642885,-0.195391384236
1.66978247329,1.76040305345
2.40855683674,1.50804821789
4.16702764869,0.554579852704
3.83749908937,1.27403305374
1.43232871394,2.23130188092
3.22454728718,1.80889272421
2.47772007652,1.46680064994
2.50837551155,2.15705160294
2.12720530212,1.50835663352
1.21330082365,-0.533266099826
4.30954662603,1.02243576997
4.37410797609,1.2195877072
4.66821651941,0.0442494918795
2.85617818927,1.65095115143
3.59688290782,1.24674765872
1.92156853967,1.47989338447
1.18563941327,1.16321437747
1.91470444928,2.19261264816
1.96856457578,2.1125512581
3.58423959289,1.63546826423
4.28963407395,1.31000349997
-0.239620463644,-0.209725126943
1.8304471509,1.59093545319
0.181181489009,-1.29914959998
4.12926579061,0.998705753803
1.32485223081,1.63167313673
1.47599819576,1.42466877177
1.82821921074,1.93124249147
2.47404788688,1.7464665516
4.32385067674,0.888211311983
0.63502742875,-0.146388277926
1.43945384021,1.47296434905
4.43504560502,1.22863055923
-0.204211818473,-0.318530956927
0.30175670264,-0.81837756388
2.22439459054,1.74904064299
5.31809330879,1.1002862454
0.616945052831,-0.729429458962
1.82570895314,1.84358696919
4.44590912816,0.915980899686
3.73083229637,0.315982321664
1.89824488861,2.86661258186
3.25112215668,0.943043800762
1.31256562332,2.41793386616
-0.311422431503,0.191369674411
1.9083732415,2.19273151731
0.195995771683,-0.769650924857
-0.734590485931,-0.530210369577
3.9839157699,1.1512070842
1.99836973224,1.78387080073
0.100729603491,-0.351669658043
0.16939148902,-0.994730355763
1.99394683879,2.36696238616
-0.0464484833071,-0.315230674128
1.9054997574,2.47346906458
2.68569703893,1.97422346009
2.36993436056,1.90405314341
1.24157805281,2.13635497271
2.5058997805,3.03269652481
2.04293534412,3.05183434767
3.81540158825,1.62198184978
1.92028817751,1.59917186762
1.3340919731,2.06060926805
4.14686879038,1.66740788259
-0.418570426136,-0.580365091439
-0.256190424062,-0.378543040277
-0.650940614804,-0.139865922797
1.83724739419,2.96917377853
1.79793328635,2.22093697483
-0.671065916718,-0.302273734431
2.00742116914,1.45020064939
3.73149811501,1.25517619563
-0.820915495172,-0.363378242992
1.23125564366,2.7334920098
4.4943617417,0.942819776723
1.91598908505,1.48536137187
3.60089305317,1.39523669098
-0.164112094976,-0.429483265127
4.03086965237,0.877475754485
2.03195396233,1.77791066728
2.10978048076,2.70663676036
4.96890390666,1.21073720846
0.959059129836,1.85773629091
3.87795669705,0.407271345037
2.60405916107,2.08903398931
-0.164274847446,-1.30609739662
2.05827177617,1.06254447414
1.35643915666,2.59976240091
3.56297320083,1.64184258735
0.593611594336,-0.897088468347
4.18941322788,1.11097098382
4.14873973446,0.934626494258
-0.140389248562,-0.878130677966
1.8155654577,1.79599815554
1.81770216974,2.78537805771
3.30328555472,1.23938858755
-0.0577088883125,-0.622297204921
2.3674406959,2.00107333906
-0.901897071975,-0.330405565617
0.121060832929,-0.263786961359
1.18732868183,1.99130474361
3.32938057544,1.67326283663
3.55759681731,0.595755112856
4.56725598027,0.954822923469
1.14238195634,1.74436142587
3.79316810098,1.00161244268
-0.124394780257,-0.616809641825
3.34903994948,0.287791461189
0.463697220337,-1.42129562588
2.42625092208,1.98681751839
0.123532360976,-0.900911787348
-0.563757912022,-0.150129339876
4.28055412424,1.40080225664
1.42693864798,-0.414725163103
3.83010388642,1.38458922792
1.05599116374,-1.07562249816
1.9531780352,2.3965512259
4.22442713124,0.667930698891
-0.0176772682024,-1.02564207398
2.06299481032,1.84517946702
-0.0406719032746,0.115418757913
1.97947357275,2.1673799982
2.42404143872,1.09769355801
-0.571718249319,-0.0637714813289
4.51675776131,0.590117330063
0.385573775356,-0.792961516985
0.108953082443,-0.899924115809
-0.0646107802723,-0.671911452028
3.95582745496,0.601023582975
4.71449268569,0.710534079195
0.683997687345,0.273815188337
3.7980548441,0.215115509551
-0.408943460682,-0.69094292944
0.36653392012,-0.473483484868
4.11352185128,2.02852053169
0.325395222182,-0.488924543638
1.64710037786,2.32908212938
4.22213983939,1.21915689669
2.47159397666,1.98477786504
4.76987646215,1.63648676923
-0.166131827074,-0.607720629909
0.597502213181,-0.545576668798
1.64583526823,1.73685307861
0.0299327500724,-0.363887646017
1.813249248,1.61609211881
-0.720826222038,-0.89923142383
1.65822702931,1.88715949546
0.865323911916,0.166231656145
3.84259801895,1.9105623774
-0.575860127942,-0.763444041925
1.53434212186,1.6502836207
0.0439762354717,-0.237670844111
3.29665732092,1.73276213808
3.9458170126,0.334307809017
2.48939584196,2.33268703991
-0.166816801449,-0.925527108
2.03836365856,2.04473989402
2.02030085172,3.54239234615
0.534613406559,-0.357375824634
4.39299032623,1.53988127939
4.18801026244,0.441902648617
-0.0516488961469,-0.361061941174
1.342217746,1.30304173835
0.427539787887,-0.568110743734
-0.186128541342,-0.836354665148
2.30130305323,2.45198863652
3.92653527303,0.96109512278
3.26815512798,0.939329897008
3.81856526192,1.42723248571
1.54853040939,2.07858331002
1.46303397494,2.1576196638
0.961869005549,2.32921662726
3.95275913454,1.61533674211
-0.362531928393,-1.00324036594
-0.496972502743,-0.476525714333
0.228257527999,-0.552303365174
2.88255214521,1.9674925586
2.1819414545,2.22695460882
1.99866586185,1.20033037713
0.32809075298,-0.441957690159
2.04605113108,1.89915843482
2.14000600074,1.51473750913
3.46115753696,1.66887966406
3.56928363708,0.393209056395
3.95544625992,0.527205773536
2.55858464914,1.92984590641
2.58689625133,2.04716522363
2.4456452648,2.73189417095
-0.254897934179,-0.638461074815
4.1803985556,0.99565424356
2.76380591646,1.74502863891
2.83942716466,0.578120776251
-0.551979746728,-0.0646492324774
2.95558689034,2.62858208943
1.76386612027,1.3766250873
3.84624485608,1.01093091136
0.0977308346872,-0.464804968509
0.310693060972,-0.141497551236
0.394124742714,-0.551798360819
2.08268907294,1.65516065662
1.75064093881,2.67477117056
0.159640961901,-0.222401050523
1.70201385041,1.29007681916
4.01181097804,0.948549178057
-0.108908923442,0.18321752666
4.25685483822,1.69425835223
0.680997637158,-0.251090571107
2.07068125829,1.5587933395
3.92738190867,1.80750196235
3.23843330314,1.32820585583
3.58615718947,2.18932107446
-0.174297067834,-0.636036237759
3.2712880077,0.770031791389
2.27629158881,1.74059540617
3.92194124632,0.77048670711
4.7713231614,0.654423133718
1.43132257016,2.74927223306
1.95486423382,1.68346995851
3.98013712652,1.7283066959
4.34837227442,0.651493464053
4.01715732284,1.23072288556
3.83342612597,0.568335073312
3.64145111216,1.69663006062
1.81753739429,2.1952725357
4.4293853114,1.24486513856
0.273200252362,-0.971676683071
-0.156560467197,-0.429642963903
1.87951349111,2.09592931869
0.414386470701,-0.356572556176
3.76209820348,0.951398273449
2.10122662208,1.85226450197
1.76319049665,2.08194490046
3.4015486624,0.840027351426
0.160364878728,-0.182042074314
0.102623996306,-0.409334023983
1.95023427374,1.80540560964
4.01750891764,1.28195391284
-0.0149936772803,-1.18886157383
3.25986844209,1.85340065394
4.20766099485,0.979083479785
0.339928063049,-0.10966666489
1.76758065112,1.96250317164
1.74450474132,1.73397814898
4.20735744747,0.819556228947
4.18175320938,1.87152060808
0.480829229692,-0.704023611733
0.457049376694,-0.184531396476
0.164016562158,0.162094880264
1.77259667515,1.09177315924
4.04735446168,0.958753266355
1.13686570816,0.296464624689
0.164631954563,0.0840213701381
-0.666560682989,-1.07265116076
4.88504378737,0.911694715775
0.486619215506,-0.784119194802
2.51374157546,2.57336976238
0.314305717098,-0.498303099911
-0.0709501572737,0.515525573784
1.55068190978,1.69120121874
-0.00705695022115,-0.427582324266
0.386065765932,0.0134958399959
-0.36591582692,-1.27682717105
-0.168816202498,-1.0517882863
2.21003779269,2.07249784501
0.304857976206,-0.476680824733
-0.381744235262,-0.646551260969
0.172229593506,-0.515409026239
4.62574028518,0.26139312603
4.01374596147,0.98340241112
4.24039052688,1.14304829376
2.53018521402,1.45094727938
1.62375247803,2.14899158967
4.13388145928,1.01981002428
-0.226267515289,0.585604155795
4.19384701073,0.93254878372
0.770537349604,-0.856451759254
-0.339167009781,-0.438039578343
1.77973291156,2.34359365992
2.52975442448,2.46799630312
-0.227411242769,-0.867106193897
3.67110688632,0.261233547036
-0.249439331957,-0.71178694617
1.70312993876,2.21330354027
1.72219594405,2.23467240859
2.0038497167,1.54234270927
2.88547835696,2.20145744708
1.92554333109,2.53695851119
-0.465409278803,-0.193282466773
0.101523894512,-0.297629554896
1.43779766831,1.68059670495
4.10794019765,1.07153140336
0.265445919331,-0.663736464487
0.156676155859,-0.201533859644
3.94435766835,1.22723649166
2.27097357031,2.39297287174
3.58472950825,0.346897675814
-0.90738298251,-0.742754585019
2.20018404718,1.99830673228
1.37232191322,2.3579972983
0.670210182934,-0.265413313276
3.18633523308,1.1851004093
3.66534752138,0.928444486801
0.595961437498,-0.577490356714
0.222183799807,-0.552246772565
0.0987793001069,-0.323121679709
-0.302607201499,-0.661798922693
-0.293583862074,-0.675929018834
4.23077640592,0.853156692029
0.0648196070224,0.154423078133
2.05829953425,1.36731481349
-0.211514797215,-0.597529161759
0.336234750392,-1.03502522984
4.45386877909,1.23741882225
1.82294789547,2.00122289295
4.26971621764,0.88465739784
-0.875566387424,-0.910752572361
4.60994921617,0.820833342062
1.94848082948,2.11323361197
-0.52028209432,-0.148460854231
1.15520923187,2.48975084441
1.40576359393,2.22458792405
-0.204989626583,-0.492134378439
0.518549204152,-0.0141716335834
1.37239416128,2.16792862321
1.50155889459,2.1057397368
4.36808992326,0.874488576204
-0.343864765758,-1.14700616321
0.23807035725,-0.309817120231
4.25494539212,1.0658370007
1.66826667369,1.69475157296
-0.697693205288,-0.312206530536
0.102326748805,-0.957532391874
2.28304981436,2.14131522964
3.26270936842,0.200625122644
5.17925823071,0.663637069871
0.107812241935,-0.666410524837
1.33617778264,2.45481217219
4.04464218814,1.70933453768
3.71167342411,0.489559782825
0.880160538713,-0.32445800479
0.741660719493,-0.426097510031
-0.878311845667,-0.796951278378
1.92187629393,2.40420828008
1.36512950898,2.07421072816
-0.210988884585,-1.49064857848
2.05585322948,2.82668630954
-0.913808010502,0.429021787612
-0.0252598592019,-0.500623269231
2.38885459912,1.32209157531
1.54965777939,1.28190007485
1.3752949256,0.841158817954
3.84759301655,1.91564314481
4.43202148352,0.812575412903
-0.179752063168,-0.333474850469
0.779724534114,-0.191974501913
0.443392879023,-0.154886148652
0.14851580153,0.501674949282
3.64003886959,0.900965899081
3.5442970943,0.537716405316
2.44204714271,2.46685015853
3.4874463131,0.453519377668
2.48466686283,1.89882804743
4.25580651352,0.850234705817
-0.027731880943,-0.548287374331
-0.0221958315664,-0.392434879439
2.13615245103,2.49155249421
4.19928075119,1.09827868291
1.50694794696,1.50819652715
1.78080885573,2.40453532756
1.62345303081,2.72572786764
4.39193280198,0.604913222559
0.140880465743,-0.884343082686
4.25699941996,0.755337686643
2.30122661213,2.33237316305
2.68138195895,2.103958407
2.88834497671,2.21501385318
0.211694915181,-0.359848817801
0.152506856347,0.409469602668
3.97872502794,1.29886482221
2.1492606555,1.92546704752
1.78698758352,1.90839319784
3.64793486489,1.2813033954
3.35974229112,1.86504613995
4.0061868193,0.169884476367
0.388168205098,-1.69502859184
3.02886914622,1.59334795814
1.22867453328,2.07165539055
-1.01500390323,-0.960128079636
0.495127952199,0.0841098875468
1.49080734109,1.86669575552
0.0944322650654,-1.0582810698
-0.45667165848,-0.771049334112
3.45420948271,1.12769629947
0.205837022799,-0.93407540618
1.99687815146,2.85945075286
2.28860216524,2.37523304979
-0.512911104942,-0.146769115442
1.75867843516,2.54442674998
0.710489337487,-0.857975247524
4.24224832147,0.935899562121
1.50585591784,2.23052002707
1.98838560728,1.29691606976
3.48614436136,0.410063333301
0.00550439263747,0.206166826541
0.314721217615,-0.977550029351
2.45663196267,2.64813663846
2.12328090973,1.40312967837
5.10894487008,1.08722428162
1.66737385982,1.97357321298
-0.871325912631,-0.415049631443
3.53173034646,0.857978594476
4.08902267553,1.04398786109
0.00472500932437,0.303641722258
4.05065088891,0.705004736732
1.87034084627,2.32030337064
1.53333679527,1.49919234731
0.465484448917,-0.948295688167
1.80684924519,0.98199036414
4.70257581953,0.576878393819
4.51536797786,1.1559224989
1.4877542188,2.05812297841
4.09228898135,1.5226902116
4.00595789545,0.94512478258
-0.712322278801,-0.225329279402
1.96252022194,2.72128863322
3.48988322846,1.44854183927
2.31530604909,2.31349279445
4.10740670692,0.947699902208
4.04526154393,1.24262257335
1.88708492145,1.2007077392
2.98487840547,1.90110215643
2.30268652336,2.11692462275
0.0173837483281,-1.24552179604
3.72431841751,0.629727254068
3.49737270081,0.984116467179
2.21275534521,1.7628087754
-0.408284263972,-0.476624571892
2.32919821184,2.14384240241
1.80522772913,2.16873592612
2.5559220764,1.89028829129
1.38324263692,2.13975411969
2.06213224,2.54207020999
1.27087665391,2.49778616278
0.0877813637181,-1.30170328507
1.85207253827,2.29878428399
3.99981220311,1.16836978869
2.39206892133,2.29725686362
2.05204928332,1.75368999157
1.45511496293,1.82281982974
3.28698689658,1.38000443797
0.235750960725,-0.46021006083
1.60010962261,1.93888557081
2.55033414286,1.85091111379
2.18626115155,1.91032397529
2.33977235612,1.37155914309
2.27210691361,2.75073997684
3.24196723506,1.36295369555
2.74391742465,1.68530692656
2.48860875112,1.37850496126
1.58268668237,2.3997524879
3.25623836099,1.47966706842
1.64742533121,2.04838356425
1.59406761286,2.14444975978
0.578692803186,-1.1781492792
-0.443479831958,-1.16232575336
1.62839928654,2.04032893603
-0.366013916642,-1.15989094751
0.0137708209523,-0.531338710301
1.88675463847,1.73589380967
0.840401095567,-0.939775045944
2.07846787192,1.01284249174
4.0956641709,1.69616417365
1.8298198789,2.38380009377
4.25168454163,0.521336984039
3.87301185549,0.478808566667
4.26788513846,1.5238682948
4.04720822429,1.06026081518
-0.354901164529,-0.00741273137956
3.91730992139,1.37107819884
-0.734685536806,-1.20549547594
4.01407039616,0.958549548389
3.64689066486,0.848988710388
3.01948081591,0.716657307877
-1.16225848484,-1.01927766364
3.79566383687,1.03867838805
3.93305523149,1.04320189224
0.672335582921,-0.592321218695
1.65486663424,2.5292271244
-0.197635284811,-0.418397706852
0.126198767392,-0.946905624918
4.11354914412,0.824140901764
-0.120601516928,-0.138894621892
3.9949889677,1.6048334686
0.107615511294,0.129053317489
1.71832559826,2.21254754878
3.91549228511,1.21912178722
1.8232307284,1.84867676341
4.18429830021,0.640182925148
1.10482874023,1.30674891266
4.0098358112,1.01914258331
1.57919275575,2.17182080433
0.421400576624,-0.515792829591
-0.268792231034,-0.607064778381
2.00999569903,2.24455404781
3.38116698431,1.22544650448
2.33796138689,1.59539917771
-0.130052344929,-1.39938776401
2.1100746626,1.64903453798
2.17377486969,2.04539017847
-0.426369867708,-0.390000444817
0.0960660220096,-1.04385814418
4.49237514615,0.507591571134
4.48624485716,0.276545539431
1.45436791498,1.96373066773
3.52413685849,0.749806735654
3.84668844525,0.431572189562
4.62663330225,1.46691355017
0.161776979807,-0.56505506762
4.36092328243,0.169060608251
1.16644580449,1.67900285432
2.83486079424,2.63704530178
2.04525389139,1.57027575907
2.11080024257,1.5869070623
3.55419808122,0.548799135684
2.14068528336,1.91294125274
3.78389108122,0.764537075477
1.44699716138,2.39977734931
2.13936661522,1.39623277546
1.67313537552,1.92239363149
-0.600416312131,-1.10602287761
4.20527362511,0.574808411175
3.34911052121,0.796442375994
0.0737678576037,-0.456655389835
2.38133375997,1.91057606916
-0.470364014766,0.0450153803572
-0.270295900946,0.198509431022
-0.790150762547,-0.297079492187
0.41868382325,-0.578892381047
-0.425000815163,-0.684522361941
0.101511748606,0.125115392055
1.91099564675,1.62300068328
4.30490066511,1.58823273029
0.209774891715,-0.666609098317
3.909840934,0.228679247778
2.09207940204,1.69125418048
3.7184993342,1.44646157283
-0.676078456222,-1.29995012963
-0.173090440414,-0.69972624192
4.03896243107,1.63866477066
-0.516360893585,-0.697019020135
1.80838286014,2.90366717572
-0.120480091602,-1.00760509916
1.74082897662,2.7024943506
4.01237936591,2.00440737529
4.46803881027,1.07408971429
-0.00765918623765,-0.329381719
1.66911692677,1.71470510331
3.85543347832,0.78014520066
4.24146843426,1.18211295503
0.388996289487,-0.833974259183
0.00388255451291,-0.262848106195
0.250183205869,-0.0983867507008
1.67297958831,1.90227659792
1.84098490008,2.33432793947
4.2011608706,1.04757399796
-0.335139669922,-0.871897342397
0.129107019602,-1.54426742411
1.34818991154,1.29224159635
-0.11774045057,-0.582010152705
4.15257666517,0.734665581122
1.3689512602,1.86181918092
1.50091727069,2.08667724952
4.31898680892,1.1902683586
0.304407329563,-0.67190403001
-0.033600590213,-0.383577601897
-0.131326813237,-0.842671495315
0.134207178393,0.0968736535092
0.4028671228,0.118733829877
-0.300474128862,-0.352866832068
3.72827220124,0.482700671534
4.34876046845,1.19477692967
2.56067581557,1.35351170089
-0.0258612833094,-0.676047673478
0.958802099073,1.62084273423
0.0229294246551,-1.30740317217
0.421534108591,0.135547467717
2.31708922434,2.07001583074
-0.344565987515,-0.249895866163
2.90309603836,1.50171605177
1.94826720518,2.22313280103
4.14975919783,1.45618774637
3.98232940403,0.572980235118
1.68992820676,1.75336076564
3.45276553866,1.06330235649
0.570335244668,-0.275225794939
4.4359349769,0.671339306999
-0.0597962599141,-0.634005895731
3.60901185391,1.29537583789
4.59181194957,0.854444137382
0.204201860686,-1.32338318495
2.22328073553,2.25963015203
0.507867329032,-0.276799574145
2.48647517484,2.70754864289
2.50264575174,1.87689989994
2.10844852942,1.56245693689
4.04440035422,1.08873147484
0.203620091688,-0.455946734564
0.683441701634,-1.02702220765
-0.359740079794,-0.391645620616
4.81986179404,0.965957288235
2.87829245552,2.55797324742
4.39892119271,0.877540709792
0.209548097879,-1.19130965882
2.04008429112,1.94188093289
-0.300470724257,0.256864783033
2.40532575729,2.40111384786
4.79256975734,1.33934304865
1.77183351554,1.09514797914
0.459805763515,-0.748643303038
3.31018552596,0.229613426158
3.97221551434,0.798923685852
2.18320864899,1.71714908889
1.03676251396,-0.977007120225
2.4091348229,2.0363239507
-0.139101500147,-0.605059997695
1.98017979618,2.88180290234
4.72812442105,0.629015895402
1.28636634117,2.46409359696
0.75116286287,-0.364104855339
-0.224557487097,-0.49039194927
3.78253770588,1.00115703209
-0.419755068678,0.0594937230048
-0.551445983474,-0.120036660619
-0.942571382043,-0.444325138595
0.347132676905,-0.0367525270478
0.741826804621,-1.19750638521
0.0827664724531,-0.673470392169
4.0593602901,0.108745484019
3.61791720729,1.73327501945
0.42125811674,-0.194728955522
0.128854660002,-0.226020274486
1.92199240623,2.55406410182
-0.422046104018,-0.305101421082
2.70888809498,2.38210184516
2.05716077899,1.07784563904
-0.28613073527,-0.195605017274
-0.726254031401,-0.595733126096
0.127941533549,-0.313069718223
4.31580251745,1.0329784444
3.86499700344,1.39397911891
-0.767821585781,0.377848927854
1.53689916427,2.43788600187
2.35906093846,1.60090417826
3.92802709551,0.625619128052
4.42038088682,0.373822628768
0.391033569104,-0.375407642369
3.41206531468,0.561980814599
1.96942469582,3.06210286354
3.78816587582,1.12275837529
-0.124051740552,-0.819377584631
1.26595122156,1.86433745831
1.37359283755,2.26649255674
-0.156352793624,-0.761570814587
2.0386293974,1.77773298181
4.36413113358,0.460858203914
0.735199375327,1.93220586289
-0.156582835164,-1.10902498617
3.73715790394,1.15079752909
-0.059358887901,-0.317857184582
2.65243138641,1.60334882009
2.40487886566,1.28966141633
1.95767189734,2.17890434703
-0.59215833473,-0.707713072167
4.37141750444,0.865754573952
3.40702719559,1.24345369898
2.10595903642,2.05053845979
3.7620085659,1.07817033384
4.11104471079,1.6866809024
3.19114488803,0.52145517783
4.19566358098,1.24304250724
3.33270248909,0.410764534151
1.70625734779,1.34347667123
1.26479179206,2.40327523719
-0.464167107142,-1.14349606641
2.6524242129,1.39642190249
0.793823555685,-0.319929256235
1.86844759587,1.91290830005
1.7835301901,1.89438754055
-0.23288356913,-0.940473436711
4.22500751314,0.355690999871
1.96070231582,1.75071586664
0.421379344599,-0.736538266896
2.5965685817,1.84610797504
-0.245570388308,-1.34806363024
3.71873767419,0.824323287707
0.0232087242465,-0.109725517036
2.52955413307,1.86833260678
-0.376955118859,-0.766032396694
1.64608921322,1.47058708054
3.66727211387,0.830818015313
4.18634110921,0.771744492147
0.33929616014,-0.0206080285559
3.7030257827,1.09585772534
3.56532076352,0.674059906346
4.2718615332,0.266687378763
3.2494990482,1.26461698693
4.08615289241,1.39623003963
0.551191753887,-0.470814752145
4.1691673416,0.58888247051
4.2098305196,1.7716742239
3.09465385634,1.26536662251
-0.00668596650962,-0.130367328339
3.50399641409,0.988952759361
4.08954527248,1.89492936337
2.28509025611,1.72603319716
2.71697312718,2.2559250796
3.64490401888,1.0005618051
2.35152526978,1.60594317775
3.45831916351,1.18766957634
0.216501806875,0.74170980131
3.83940781239,1.24554579556
-0.286846661499,-0.678772316448
2.18477080609,2.21643643252
2.29951517913,2.00162733543
1.79590110459,1.55376723873
4.07463858519,1.59811357724
1.87492701473,2.61368416677
1.40477009622,1.79827274038
1.60618036299,1.73291585719
2.11052739256,1.98515158388
1.31122269002,2.14743043066
0.148759540323,-0.0728390868988
3.2213757723,1.26493408306
0.0335638829446,-0.984694581232
0.0704279420844,-0.39551853371
4.34687663218,1.10942569693
-0.323821974848,-0.865846844849
2.72194684374,2.09363128833
-0.289628281275,-1.5005314185
-0.450148657029,0.253293568155
1.31601149319,1.90256020767
-0.155812251441,-0.857586344482
4.03043540353,0.791640210651
-0.20512140651,0.141771438409
1.12269269557,1.56795249533
3.38585879646,0.990158541045
4.11099202986,1.27359662923
4.00458348342,1.9892333524
2.42549245525,1.90937695552
1.71405630262,2.38377339572
2.17923323879,1.43490130322
3.53397742088,1.06375022419
0.255280625034,-0.600203795232
4.57591540928,0.601315083082
3.80629213965,1.51722072252
0.506986164948,-0.985969178764
2.00093375986,2.46206026048
0.0697263415636,-0.329826866179
3.27710213975,0.382125908781
1.66652500997,2.02700408013
2.05695596069,2.35685318181
0.378734068833,-0.612256361072
2.13782261974,2.44961743259
-0.108602006154,-0.895185654265
4.01803215545,0.852510287217
-0.18055561946,-0.860037114238
0.210773355425,0.281145548959
1.81314587188,1.69685112291
3.65515258047,1.57668010316
1.45391437876,1.45870025397
-0.784060289014,-1.08645923935
1.99170692741,1.85452011369
4.03877957907,1.98590410596
3.6520633704,0.3295301463
2.02857071617,1.90037427574
3.72051278603,1.78055747872
3.93066742071,1.53712525634
3.38356322412,1.35075723907
1.02138958079,-1.15446455357
2.00629304069,1.73947594187
3.97135233004,0.289031261648
1.85139294803,1.62433677641
0.519382813722,-0.422373012578
2.00187874959,1.33242880098
-0.0105403972597,-0.0143623723494
3.89445788429,0.611489988396
0.199738454735,-0.349846552682
1.81378820493,1.50638376272
4.16006658208,0.785221178319
4.02076077653,0.568731483898
1.82841955859,1.43797298012
3.96363477418,0.683263433804
1.0333466848,1.53507585112
0.56928502714,-0.404826344271
1.37836475719,1.72431264783
0.238024628287,-0.389233495092
1.52364264608,1.77094737263
-0.497077468887,-0.513921315773
2.45999465956,1.81215674465
-0.317115124135,-0.0755326737637
4.20681320718,1.12602603702
1.84967167324,2.40844638123
1.43449394232,2.42282647708
0.427239363117,-0.460601941377
2.49602715406,1.68631711744
